Price	Carat	Clarity	Color	Cut	Source	Year
1000	0.3	6	5	2	Debswana	1979
1000	0.44	3	5	2	RioTinto	2001
1000	0.31	6	5	2	Debswana	1982
1000	0.66	2	11	2	RioTinto	2004
1000	0.47	3	8	3	Debswana	2015
1000	0.4	4	7	2	RioTinto	1987
1000	0.36	3	4	2	Debswana	1985
1000	0.52	1	8	3	DeBeers	1990
1001	0.53	1	4	3	Debswana	1995
1001	0.43	3	6	2	Alrosa	1981
1001	0.43	3	6	3	DeBeers	1964
1001	0.43	3	6	3	DeBeers	1993
1001	0.3	6	5	4	Alrosa	2013
1001	0.47	3	9	2	RioTinto	1987
1001	0.41	3	5	2	Debswana	1997
1001	0.44	2	4	2	RioTinto	1963
1001	0.36	5	6	2	RioTinto	2008
1001	0.4	4	5	4	RioTinto	2017
1001	0.4	4	5	4	DeBeers	2016
1002	0.32	7	6	3	Debswana	1986
1002	0.5	1	6	3	RioTinto	1996
1002	0.5	2	8	4	Alrosa	1998
1002	0.36	4	5	2	Alrosa	2017
1002	0.44	3	5	2	RioTinto	1986
1002	0.31	6	5	3	Debswana	2013
1017	0.45	3	6	3	Debswana	2017
1017	0.51	2	9	3	Alrosa	1997
1017	0.3	6	5	2	Alrosa	2000
1017	0.51	2	9	1	DeBeers	1985
1018	0.41	4	7	1	Debswana	1967
1018	0.31	6	5	2	Debswana	1987
1018	0.31	6	5	2	Debswana	2010
1018	0.31	6	5	3	RioTinto	2002
1018	0.31	6	5	3	Alrosa	2015
1018	0.31	6	5	2	Alrosa	1978
1018	0.31	6	5	2	RioTinto	2017
1018	0.31	6	5	2	Alrosa	1979
1018	0.31	6	5	3	DeBeers	1972
1018	0.4	5	6	3	Debswana	1996
1018	0.31	7	5	3	RioTinto	1993
1018	0.31	7	5	3	DeBeers	1988
1019	0.42	5	7	2	Debswana	1964
1019	0.33	5	4	1	Alrosa	1996
1019	0.37	6	8	2	Alrosa	2007
1019	0.45	6	10	3	Debswana	2010
1019	0.4	4	5	4	Debswana	1980
1019	0.4	4	5	3	Alrosa	2012
1019	0.32	6	4	3	Alrosa	2017
1019	0.32	6	4	2	RioTinto	1990
1019	0.37	5	4	2	Debswana	1974
1036	0.33	6	5	2	Debswana	2012
1036	0.33	6	5	1	RioTinto	1984
1037	0.37	5	5	3	RioTinto	1997
1037	0.37	5	5	3	RioTinto	1991
1037	0.43	3	4	2	DeBeers	2004
1037	0.43	3	4	2	Debswana	1986
1037	0.43	3	4	2	Debswana	1968
1037	0.43	3	4	2	Alrosa	2000
1037	0.43	3	4	2	Alrosa	2013
1037	0.34	6	4	2	RioTinto	2015
1037	0.37	6	5	2	DeBeers	2011
1037	0.37	6	5	2	Alrosa	2000
1037	0.5	1	4	4	DeBeers	2006
1037	0.33	6	6	2	RioTinto	2010
1037	0.57	3	10	4	Debswana	1984
1037	0.4	6	8	1	Debswana	1976
1037	0.4	6	8	2	Debswana	1985
1037	0.4	6	8	2	Debswana	1971
1037	0.4	6	8	2	DeBeers	1988
1037	0.44	3	4	2	RioTinto	1999
1037	0.31	6	5	2	Debswana	1987
1037	0.31	6	4	2	DeBeers	1963
1037	0.31	6	4	2	Debswana	1979
1037	0.4	4	6	3	DeBeers	2013
1037	0.4	4	6	3	Debswana	1972
1053	0.32	6	6	1	RioTinto	1975
1053	0.32	6	6	2	Alrosa	1990
1053	0.4	5	6	3	RioTinto	1968
1053	0.48	3	7	3	Alrosa	2002
1053	0.33	5	4	2	RioTinto	1983
1054	0.38	4	5	2	Debswana	2011
1054	0.32	7	5	2	RioTinto	1964
1054	0.31	7	7	2	Alrosa	1997
1054	0.53	1	6	3	RioTinto	1970
1054	0.42	4	4	2	Alrosa	1980
1054	0.42	4	4	3	Debswana	1996
1054	0.34	7	6	3	Debswana	1977
1054	0.36	6	5	2	Debswana	1974
1054	0.51	4	10	3	Alrosa	1969
1054	0.34	5	5	2	RioTinto	1998
1054	0.33	6	4	3	DeBeers	1985
1055	0.33	6	5	2	Debswana	2010
1055	0.4	4	5	3	Debswana	1990
1055	0.4	4	5	3	Alrosa	2009
1055	0.4	4	5	2	Debswana	1976
1055	0.41	4	5	3	RioTinto	1984
1055	0.41	4	5	3	RioTinto	1980
1055	0.37	4	5	2	RioTinto	1965
1055	0.4	7	9	3	RioTinto	1983
1055	0.37	5	4	2	Debswana	2017
1076	0.38	4	5	2	Debswana	1993
1076	0.45	3	5	2	Debswana	1983
1076	0.5	1	5	3	RioTinto	1974
1076	0.5	2	7	2	RioTinto	2014
1076	0.5	2	7	2	Alrosa	1992
1076	0.42	4	6	3	Alrosa	1977
1076	0.42	4	6	2	Debswana	1963
1076	0.5	1	5	2	RioTinto	1987
1076	0.5	2	7	3	Alrosa	1978
1076	0.62	3	10	4	RioTinto	1963
1076	0.5	3	10	2	RioTinto	1987
1076	0.39	6	5	2	Debswana	2014
1076	0.39	6	5	2	Alrosa	1985
1077	0.37	6	8	1	Alrosa	1989
1077	0.37	4	4	2	RioTinto	1965
1077	0.37	4	4	2	RioTinto	2001
1077	0.54	1	8	3	Debswana	1981
1077	0.46	3	4	2	Debswana	2012
1077	0.57	3	10	3	Alrosa	1973
1077	0.36	6	7	2	RioTinto	1989
1078	0.38	4	5	1	RioTinto	1990
1078	0.34	7	6	2	DeBeers	1998
1078	0.31	6	5	1	RioTinto	2007
1078	0.52	1	5	2	DeBeers	1965
1078	0.5	3	9	3	DeBeers	2003
1099	0.44	5	7	2	Debswana	2014
1099	0.35	7	7	1	RioTinto	2004
1099	0.35	5	5	2	Debswana	1999
1099	0.55	2	7	2	Debswana	1970
1100	0.32	7	6	1	Alrosa	2000
1100	0.32	7	6	2	Debswana	1998
1100	0.33	6	6	2	RioTinto	1976
1100	0.46	3	5	4	RioTinto	1998
1100	0.42	5	6	3	Alrosa	1984
1100	0.44	3	6	2	Alrosa	1998
1101	0.5	2	5	4	Alrosa	1970
1101	0.4	5	6	2	Alrosa	1986
1101	0.39	7	7	2	Debswana	2011
1101	0.62	4	11	2	DeBeers	2004
1101	0.3	7	5	3	Alrosa	1980
1102	0.43	4	6	3	RioTinto	1996
1102	0.4	4	5	2	DeBeers	1988
1102	0.4	4	5	3	RioTinto	1986
1102	0.4	4	5	2	Debswana	2005
1102	0.64	2	10	2	RioTinto	1988
1102	0.4	4	5	2	Alrosa	1975
1102	0.4	4	5	3	Debswana	1981
1102	0.4	4	5	2	RioTinto	1991
1102	0.4	4	5	2	Alrosa	2009
1102	0.4	4	5	2	DeBeers	1968
1129	0.57	1	6	3	DeBeers	2014
1129	0.57	2	8	2	Alrosa	1964
1129	0.57	2	8	3	Debswana	1974
1129	0.36	6	7	2	Debswana	2006
1129	0.4	4	6	4	Debswana	1992
1129	0.34	7	6	2	Debswana	1963
1129	0.54	2	8	2	Alrosa	1988
1129	0.51	1	5	3	RioTinto	1963
1129	0.45	4	6	2	RioTinto	2000
1129	0.34	7	7	2	Alrosa	2008
1129	0.34	6	6	2	Alrosa	1977
1130	0.4	6	7	3	Debswana	1964
1130	0.4	5	6	2	Debswana	1968
1130	0.41	4	5	2	RioTinto	1983
1130	0.41	4	5	2	Debswana	1980
1130	0.41	4	5	2	RioTinto	1977
1130	0.41	4	5	2	RioTinto	1985
1130	0.41	4	5	2	Debswana	1997
1130	0.41	4	5	2	Alrosa	2013
1130	0.41	4	5	2	RioTinto	2017
1130	0.41	4	5	3	Alrosa	1981
1130	0.41	4	5	2	Debswana	1979
1130	0.41	5	5	2	Debswana	2010
1130	0.41	4	5	2	Debswana	1965
1130	0.41	4	5	3	RioTinto	2017
1154	0.41	6	6	2	DeBeers	1990
1154	0.38	7	5	2	DeBeers	2005
1154	0.38	7	5	2	Alrosa	2001
1154	0.41	6	6	3	RioTinto	1972
1154	0.41	6	6	3	RioTinto	2010
1154	0.41	7	7	3	Alrosa	1966
1154	0.41	6	6	2	Alrosa	2004
1154	0.41	5	4	2	RioTinto	2017
1154	0.41	5	4	3	RioTinto	1995
1155	0.32	7	5	2	DeBeers	1986
1155	0.32	7	5	1	RioTinto	1977
1155	0.42	4	4	3	DeBeers	2010
1155	0.54	2	7	3	DeBeers	1964
1155	0.54	3	7	3	RioTinto	1967
1155	0.61	3	10	2	Debswana	1975
1155	0.41	4	6	2	Debswana	2003
1156	0.5	1	5	3	Debswana	2016
1156	0.5	1	5	3	DeBeers	1976
1156	0.5	1	5	3	RioTinto	2004
1156	0.51	2	6	2	Debswana	1999
1156	0.35	7	7	1	DeBeers	1998
1156	0.45	6	9	2	Debswana	1991
1156	0.4	6	5	3	Alrosa	1982
1156	0.4	6	5	3	Debswana	2003
1156	0.4	6	5	3	Debswana	1971
1171	0.4	5	4	3	Debswana	2005
1171	0.3	7	4	3	Debswana	1967
1171	0.3	7	4	3	RioTinto	1967
1171	0.3	7	4	3	RioTinto	1984
1171	0.5	3	8	2	RioTinto	2017
1172	0.51	2	5	4	DeBeers	1984
1172	0.51	3	7	3	Debswana	1965
1172	0.51	2	5	3	Debswana	1998
1172	0.51	2	5	3	RioTinto	2002
1172	0.51	3	7	3	Debswana	2016
1172	0.52	2	6	3	Alrosa	1986
1172	0.45	5	7	2	RioTinto	1981
1172	0.52	2	8	2	RioTinto	1994
1172	0.47	6	9	2	DeBeers	1971
1172	0.47	4	7	3	RioTinto	1978
1173	0.4	4	6	2	Debswana	1980
1173	0.37	7	8	2	Debswana	1971
1173	0.53	2	5	3	RioTinto	2006
1173	0.33	7	5	2	Debswana	1975
1173	0.51	2	8	2	Debswana	2006
1173	0.38	7	5	2	Debswana	1970
1174	0.47	5	7	3	Debswana	1964
1174	0.35	7	7	2	RioTinto	2012
1174	0.35	7	7	2	RioTinto	2017
1174	0.44	6	5	3	RioTinto	2007
1193	0.31	7	4	1	RioTinto	2006
1193	0.6	4	10	3	RioTinto	2017
1193	0.42	6	7	3	Alrosa	2001
1193	0.42	5	6	2	Debswana	1999
1193	0.42	6	7	3	Debswana	2016
1193	0.42	6	7	3	RioTinto	1976
1193	0.42	6	7	3	Debswana	1965
1194	0.5	4	9	3	DeBeers	2012
1194	0.53	3	6	3	RioTinto	1999
1194	0.5	2	5	2	DeBeers	1967
1194	0.44	5	5	2	Alrosa	1985
1194	0.53	2	6	3	RioTinto	1985
1194	0.5	3	7	3	RioTinto	2009
1194	0.4	4	4	3	RioTinto	1969
1194	0.43	4	5	2	Alrosa	1993
1194	0.42	4	4	2	Debswana	2015
1194	0.52	2	5	3	Debswana	2012
1195	0.35	6	4	2	RioTinto	1976
1195	0.35	6	4	2	RioTinto	2008
1195	0.51	3	8	3	Debswana	1972
1195	0.51	3	8	2	Alrosa	1998
1195	0.51	2	7	2	RioTinto	1975
1195	0.51	1	4	2	DeBeers	1988
1195	0.55	3	8	3	Alrosa	1969
1195	0.41	5	5	2	RioTinto	2002
1215	0.33	7	5	3	RioTinto	2004
1215	0.56	1	6	2	Debswana	1966
1215	0.6	1	6	3	RioTinto	1964
1215	0.4	5	4	3	Debswana	1988
1215	0.4	6	6	3	Debswana	1963
1215	0.4	6	6	2	Debswana	1977
1215	0.4	5	4	2	RioTinto	2008
1215	0.4	7	7	3	Debswana	1998
1215	0.4	5	4	3	Alrosa	2003
1215	0.52	1	4	3	Debswana	1972
1215	0.4	6	6	3	Debswana	1963
1215	0.4	6	6	1	RioTinto	1996
1215	0.4	6	6	2	Debswana	2001
1215	0.4	6	6	2	DeBeers	1963
1215	0.4	6	6	2	RioTinto	2014
1215	0.65	3	10	2	DeBeers	2017
1215	0.4	6	6	3	Debswana	1974
1215	0.4	6	6	3	Debswana	1976
1215	0.4	5	4	2	Alrosa	1965
1215	0.43	4	5	2	RioTinto	1971
1216	0.44	4	4	2	RioTinto	2017
1216	0.41	7	9	1	DeBeers	1970
1216	0.4	4	5	3	RioTinto	2003
1216	0.4	6	7	2	RioTinto	1968
1216	0.4	6	7	2	RioTinto	1973
1237	0.42	6	6	2	RioTinto	2013
1237	0.38	6	6	2	Alrosa	2009
1237	0.62	4	10	4	Alrosa	1989
1237	0.38	6	6	1	Alrosa	1988
1238	0.42	4	4	2	DeBeers	1996
1238	0.54	1	5	3	RioTinto	1974
1238	0.4	5	4	3	DeBeers	1966
1239	0.4	6	6	2	Debswana	1971
1239	0.4	6	6	2	RioTinto	1990
1239	0.4	6	6	2	RioTinto	2004
1239	0.47	4	4	2	RioTinto	1970
1239	0.44	6	6	2	Debswana	2001
1239	0.56	2	7	3	RioTinto	2014
1239	0.4	5	5	1	Debswana	1998
1239	0.61	2	6	3	Alrosa	1972
1239	0.41	5	5	3	RioTinto	2013
1239	0.54	1	4	2	Debswana	1967
1239	0.5	6	10	3	Alrosa	1981
1239	0.6	3	9	2	Alrosa	2015
1240	0.57	1	5	3	Alrosa	1990
1240	0.58	2	7	2	Debswana	2014
1240	0.49	4	6	3	Alrosa	1973
1240	0.43	6	6	3	Debswana	2015
1240	0.61	4	9	4	Alrosa	2003
1240	0.5	2	4	3	RioTinto	1974
1269	0.41	6	6	2	Debswana	1973
1269	0.4	5	5	2	RioTinto	1991
1270	0.45	6	7	2	Debswana	2003
1270	0.45	5	6	2	Alrosa	2013
1270	0.45	6	7	1	RioTinto	2007
1270	0.45	5	6	2	RioTinto	2012
1270	0.33	7	4	3	RioTinto	1992
1270	0.38	6	5	2	Alrosa	1990
1270	0.38	6	5	2	Debswana	2011
1270	0.37	6	5	1	Debswana	1997
1270	0.46	4	6	2	Alrosa	1965
1270	0.39	6	6	1	Debswana	1994
1271	0.71	3	11	3	DeBeers	2001
1271	0.52	2	5	3	Alrosa	1971
1271	0.58	2	5	3	Debswana	1970
1271	0.58	2	5	3	Alrosa	1993
1272	0.53	2	5	2	Alrosa	2001
1272	0.35	7	6	2	Debswana	1985
1272	0.37	7	7	2	Debswana	2003
1272	0.41	6	5	1	RioTinto	1981
1273	0.51	3	7	3	Debswana	2001
1273	0.51	3	7	3	RioTinto	1981
1273	0.39	6	5	2	RioTinto	1975
1273	0.47	5	6	3	Debswana	2013
1273	0.56	2	6	3	RioTinto	1966
1302	0.51	4	8	3	Debswana	1979
1302	0.6	4	10	2	RioTinto	1996
1303	0.72	3	11	3	Debswana	2004
1303	0.52	2	4	3	RioTinto	1971
1303	0.5	2	5	3	RioTinto	2013
1303	0.41	7	6	2	DeBeers	1966
1303	0.5	2	5	2	DeBeers	2014
1303	0.42	6	5	2	RioTinto	2010
1304	0.39	7	6	1	Debswana	1974
1304	0.61	1	5	4	Debswana	2000
1304	0.61	2	7	2	Debswana	2005
1304	0.58	2	4	3	RioTinto	1972
1304	0.43	7	7	2	DeBeers	1966
1304	0.43	6	6	3	Alrosa	2004
1304	0.43	6	6	2	Alrosa	1970
1304	0.43	6	6	2	Alrosa	2003
1304	0.5	3	8	3	Debswana	1988
1304	0.4	6	4	3	Alrosa	1977
1304	0.4	7	5	3	DeBeers	1995
1304	0.4	7	5	3	RioTinto	2013
1304	0.4	6	4	3	Debswana	1971
1304	0.4	6	4	2	Debswana	1992
1304	0.4	6	4	2	Debswana	2013
1304	0.4	6	4	2	Debswana	1971
1305	0.5	2	4	3	RioTinto	1971
1334	0.4	6	5	2	RioTinto	2006
1334	0.4	6	5	2	Alrosa	2008
1334	0.4	6	5	2	RioTinto	1999
1334	0.5	4	8	3	DeBeers	1982
1334	0.7	1	8	3	DeBeers	1991
1334	0.47	4	6	1	RioTinto	1983
1334	0.44	6	6	2	DeBeers	1963
1334	0.5	7	10	4	DeBeers	2015
1335	0.39	7	5	1	RioTinto	1998
1335	0.49	3	5	2	Debswana	2010
1335	0.53	2	4	3	DeBeers	1966
1335	0.6	5	10	3	RioTinto	1974
1335	0.6	3	9	3	DeBeers	1963
1336	0.47	3	4	2	RioTinto	2005
1336	0.54	2	5	3	Debswana	1982
1336	0.7	4	11	3	RioTinto	1981
1336	0.54	2	5	3	RioTinto	1983
1336	0.43	6	6	1	Alrosa	1964
1336	0.43	6	6	2	Debswana	1982
1336	0.71	3	10	4	Debswana	2008
1336	0.64	2	8	4	Alrosa	2015
1336	0.56	2	7	2	Debswana	2004
1336	0.56	2	7	2	RioTinto	1984
1336	0.56	2	7	2	RioTinto	1976
1336	0.5	2	6	2	Debswana	2014
1366	0.5	5	9	2	Alrosa	1977
1367	0.6	3	8	3	Debswana	1983
1367	0.38	7	5	1	Debswana	1965
1367	0.5	6	10	3	Debswana	1996
1367	0.41	6	5	1	Debswana	1984
1367	0.53	3	7	2	RioTinto	1976
1367	0.42	7	7	2	Debswana	1978
1367	0.42	7	7	2	Debswana	1976
1368	0.43	6	8	2	Debswana	1997
1368	0.61	1	5	2	Alrosa	1968
1368	0.4	4	6	3	RioTinto	2017
1368	0.5	4	6	3	RioTinto	1967
1368	0.6	2	7	2	Debswana	1967
1368	0.6	2	7	3	RioTinto	2012
1368	0.6	1	7	2	RioTinto	1987
1368	0.6	1	7	2	Debswana	2009
1368	0.6	1	7	2	RioTinto	1964
1368	0.6	1	7	2	Debswana	1972
1368	0.45	4	5	2	Debswana	2000
1368	0.51	3	8	2	RioTinto	1985
1368	0.5	2	4	3	Debswana	2014
1368	0.5	3	6	3	DeBeers	1986
1369	0.51	4	7	4	Debswana	1992
1369	0.4	5	4	2	RioTinto	1968
1369	0.44	7	6	2	RioTinto	2009
1400	0.47	5	5	3	DeBeers	1970
1400	0.54	3	6	2	Debswana	1988
1400	0.7	2	10	3	DeBeers	2011
1400	0.7	4	11	3	Debswana	1989
1400	0.54	3	6	3	RioTinto	1999
1400	0.7	2	10	3	RioTinto	2014
1400	0.7	2	10	2	Debswana	1984
1400	0.7	1	9	3	Debswana	2013
1400	0.7	2	10	3	Debswana	2011
1400	0.7	2	10	3	Alrosa	1971
1400	0.7	2	10	3	Alrosa	1968
1400	0.7	2	10	3	Debswana	1967
1400	0.7	2	10	3	Debswana	1969
1400	0.7	2	10	2	RioTinto	2007
1400	0.7	2	10	3	RioTinto	2009
1400	0.7	1	9	3	Debswana	2009
1400	0.42	6	5	2	DeBeers	1987
1400	0.42	6	5	2	RioTinto	1972
1401	0.7	2	11	2	DeBeers	1967
1401	0.6	3	9	2	DeBeers	1986
1401	0.42	5	4	2	RioTinto	1971
1401	0.38	7	6	2	Alrosa	2008
1401	0.4	5	4	2	DeBeers	1976
1402	0.42	6	5	2	Alrosa	2005
1402	0.53	3	7	2	RioTinto	1985
1434	0.73	4	11	2	DeBeers	2005
1434	0.41	7	6	2	Debswana	1968
1434	0.48	3	4	2	Alrosa	1987
1434	0.43	4	5	2	Alrosa	2016
1434	0.43	6	5	2	DeBeers	1986
1434	0.5	5	8	2	DeBeers	1997
1434	0.5	4	7	3	Debswana	1994
1434	0.5	3	5	3	DeBeers	1995
1435	0.41	5	4	2	Debswana	1993
1435	0.43	5	4	1	Debswana	1988
1435	0.58	2	5	3	Alrosa	1976
1435	0.58	2	5	2	Debswana	1964
1435	0.58	2	5	3	DeBeers	1999
1435	0.64	1	5	3	Debswana	1963
1436	0.5	4	6	3	Debswana	2004
1436	0.73	1	9	4	Alrosa	1983
1436	0.73	2	10	3	Debswana	1989
1436	0.7	3	11	2	Alrosa	1981
1436	0.45	7	8	2	DeBeers	1984
1436	0.51	2	4	3	Debswana	2004
1436	0.7	4	10	4	RioTinto	1990
1436	0.72	1	10	2	RioTinto	2006
1436	0.5	4	5	4	Debswana	2009
1436	0.72	1	10	2	RioTinto	2001
1436	0.72	1	10	2	Debswana	1976
1471	0.58	3	7	3	RioTinto	2016
1471	0.43	5	4	2	Alrosa	2015
1471	0.72	1	10	2	Debswana	1981
1472	0.5	3	6	3	DeBeers	1986
1472	0.5	3	6	3	Debswana	1983
1472	0.5	3	6	3	DeBeers	1975
1472	0.52	2	4	2	RioTinto	1963
1472	0.5	4	6	3	DeBeers	1978
1472	0.5	4	6	3	Alrosa	1987
1472	0.5	3	4	3	DeBeers	2011
1472	0.41	7	6	2	DeBeers	2010
1472	0.41	7	6	2	RioTinto	1964
1472	0.41	7	6	2	Alrosa	1984
1473	0.4	6	5	2	DeBeers	1987
1473	0.43	7	5	2	Debswana	2010
1473	0.44	6	6	2	RioTinto	2002
1473	0.72	1	9	3	Debswana	2014
1473	0.71	3	10	3	Debswana	1990
1473	0.51	3	5	3	RioTinto	1994
1473	0.73	2	10	3	DeBeers	1976
1473	0.74	3	11	1	DeBeers	2006
1474	0.52	3	5	3	Alrosa	1974
1475	0.42	6	4	2	Debswana	1995
1475	0.42	7	5	2	Debswana	2016
1475	0.42	6	4	3	Debswana	1966
1507	0.6	2	5	4	DeBeers	2001
1507	0.75	4	11	3	Alrosa	1988
1507	0.42	7	5	2	Alrosa	1968
1508	0.5	3	5	3	Alrosa	1974
1508	0.5	3	5	3	DeBeers	2004
1508	0.5	3	5	3	Debswana	2000
1508	0.5	3	5	3	Debswana	1990
1508	0.56	4	8	2	RioTinto	2000
1508	0.5	6	8	3	RioTinto	1983
1508	0.5	3	6	3	DeBeers	1970
1508	0.52	3	4	3	Alrosa	1964
1508	0.5	3	4	3	Debswana	2003
1508	0.5	4	6	2	Debswana	1992
1508	0.54	3	6	2	Alrosa	2004
1508	0.7	2	10	3	RioTinto	1998
1508	0.63	2	6	4	Debswana	2012
1508	0.7	1	9	3	Debswana	1971
1508	0.54	3	6	3	Debswana	2002
1508	0.45	7	6	1	Alrosa	1979
1508	0.54	3	6	2	RioTinto	1990
1508	0.54	3	6	3	Alrosa	1997
1508	0.45	7	6	1	Alrosa	2015
1508	0.7	1	9	2	Alrosa	1996
1508	0.54	3	6	2	Alrosa	1970
1508	0.7	2	9	3	RioTinto	2014
1553	0.5	4	6	3	DeBeers	1978
1553	0.42	6	4	1	Alrosa	2000
1553	0.42	6	4	2	Debswana	1996
1553	0.5	3	5	3	Debswana	1980
1553	0.75	3	11	2	DeBeers	1979
1554	0.43	6	4	2	Alrosa	1963
1554	0.51	4	4	4	Alrosa	1966
1554	0.7	1	8	3	RioTinto	1966
1554	0.7	2	9	3	RioTinto	1989
1554	0.7	1	7	3	Alrosa	1981
1555	0.71	1	6	3	RioTinto	2012
1555	0.71	1	6	4	Alrosa	1976
1555	0.73	1	9	3	DeBeers	1970
1555	0.65	4	9	2	Debswana	2005
1555	0.55	2	5	1	Alrosa	1996
1556	0.4	6	4	3	DeBeers	1998
1556	0.4	6	4	2	RioTinto	1987
1556	0.5	4	5	3	DeBeers	2005
1556	0.5	4	5	3	DeBeers	1989
1556	0.5	4	5	3	DeBeers	1981
1556	0.6	2	4	2	RioTinto	2015
1556	0.65	2	6	3	Alrosa	1979
1556	0.52	3	6	1	Debswana	1975
1556	0.5	4	5	3	Alrosa	1988
1556	0.52	3	6	2	Alrosa	1966
1591	0.59	2	5	2	DeBeers	1987
1591	0.59	3	7	2	RioTinto	1998
1591	0.55	3	5	3	RioTinto	1979
1591	0.62	2	5	3	DeBeers	1988
1592	0.56	3	6	2	RioTinto	2003
1592	0.71	1	8	3	DeBeers	2000
1592	0.7	3	10	3	RioTinto	1973
1592	0.7	3	10	3	RioTinto	1970
1592	0.57	3	6	4	RioTinto	2017
1592	0.57	3	6	2	Alrosa	1966
1592	0.57	3	6	2	RioTinto	2013
1592	0.57	3	6	2	RioTinto	2008
1592	0.57	3	6	2	DeBeers	2014
1592	0.53	3	5	3	Alrosa	1991
1592	0.51	6	8	3	RioTinto	2004
1593	0.5	4	6	4	Debswana	2006
1593	0.5	4	6	3	Debswana	1979
1594	0.7	2	8	3	Debswana	1998
1594	0.5	3	5	2	RioTinto	1964
1594	0.48	7	8	1	Debswana	2012
1594	0.7	1	8	3	Alrosa	2014
1594	0.7	1	8	3	Alrosa	1996
1594	0.7	1	8	3	Debswana	1968
1594	0.7	1	8	3	Debswana	2014
1594	0.7	1	8	3	Debswana	2004
1626	0.62	2	6	3	RioTinto	1967
1626	0.54	3	4	3	RioTinto	1976
1627	0.7	1	9	2	Alrosa	1980
1627	0.72	1	6	2	RioTinto	2014
1627	0.8	1	10	4	RioTinto	1973
1627	0.5	4	6	2	DeBeers	1967
1627	0.5	4	6	2	Debswana	1993
1628	0.5	4	5	3	Debswana	1984
1628	0.51	4	6	2	Alrosa	2011
1628	0.51	4	6	2	DeBeers	1974
1628	0.5	4	5	3	Alrosa	2005
1628	0.47	5	5	2	RioTinto	1964
1629	0.71	4	10	4	Debswana	1976
1629	0.52	7	9	2	Alrosa	1994
1629	0.52	5	7	2	Debswana	1964
1629	0.52	5	7	3	DeBeers	1994
1629	0.52	5	7	3	RioTinto	1994
1629	0.62	3	7	2	Debswana	2010
1629	0.62	2	5	3	Debswana	2013
1629	0.56	3	6	2	Alrosa	1974
1630	0.64	2	5	2	RioTinto	2001
1630	0.7	4	10	2	RioTinto	1989
1630	0.63	2	6	3	DeBeers	1967
1630	0.7	2	8	4	RioTinto	1980
1630	0.5	5	4	4	Debswana	1997
1668	0.57	3	5	2	Debswana	2001
1668	0.38	7	4	2	Debswana	1983
1668	0.46	5	4	3	Debswana	1964
1670	0.72	2	10	3	Debswana	1972
1670	0.72	2	9	3	Alrosa	2016
1670	0.61	2	6	2	Debswana	1967
1670	0.78	1	7	4	Alrosa	1967
1670	0.56	3	4	3	Alrosa	2012
1670	0.55	6	9	2	DeBeers	1974
1671	0.5	4	7	3	Debswana	1999
1671	0.5	4	7	3	RioTinto	1974
1671	0.7	1	7	3	RioTinto	1994
1671	0.66	2	6	3	Debswana	2005
1671	0.7	1	7	3	DeBeers	1986
1671	0.7	2	8	4	RioTinto	1963
1672	0.72	4	10	2	Alrosa	1969
1672	0.7	1	8	3	Alrosa	1966
1672	0.7	1	8	3	RioTinto	1982
1672	0.7	2	9	4	RioTinto	1964
1672	0.7	2	9	3	Debswana	1968
1672	0.62	2	7	2	Alrosa	1981
1673	0.56	3	4	2	RioTinto	1970
1673	0.41	7	4	2	Debswana	2014
1673	0.52	3	4	1	DeBeers	2013
1674	0.7	1	7	3	Debswana	1984
1709	0.56	5	9	3	Debswana	1988
1709	0.61	3	7	2	Alrosa	2007
1710	0.57	3	4	2	Alrosa	1976
1710	0.7	1	6	3	Debswana	1991
1710	0.78	2	10	2	RioTinto	1998
1710	0.52	4	4	2	Debswana	1995
1710	0.59	2	6	2	RioTinto	1963
1711	0.56	4	8	2	Debswana	1972
1711	0.56	4	8	2	Alrosa	2008
1711	0.56	4	8	2	RioTinto	1974
1711	0.51	4	5	2	Alrosa	1987
1712	0.5	3	5	1	Debswana	1998
1712	0.49	6	7	2	Debswana	1997
1712	0.76	1	6	3	Debswana	1989
1712	0.71	5	11	3	Alrosa	2008
1713	0.58	3	5	2	Debswana	2014
1713	0.62	2	4	2	RioTinto	2002
1713	0.56	3	6	2	RioTinto	1964
1715	0.5	5	6	3	Debswana	1984
1715	0.71	3	10	2	DeBeers	1996
1715	0.53	5	7	3	DeBeers	1976
1715	0.75	2	10	1	Alrosa	2002
1715	0.71	2	9	2	DeBeers	1971
1715	0.71	2	9	2	RioTinto	1995
1715	0.71	1	8	3	Debswana	2017
1751	0.71	1	7	3	RioTinto	1998
1752	0.62	2	7	2	Debswana	1983
1752	0.62	2	7	2	DeBeers	1977
1752	0.71	4	10	2	Debswana	2011
1752	0.51	3	4	2	Debswana	2006
1752	0.7	1	6	3	DeBeers	1975
1752	0.52	4	5	2	Debswana	1987
1753	0.58	3	6	4	Debswana	1972
1753	0.74	1	8	2	Debswana	2014
1753	0.51	3	4	3	Debswana	1996
1754	0.54	3	6	1	RioTinto	1997
1754	0.5	4	6	3	RioTinto	1993
1754	0.5	4	5	3	RioTinto	1995
1756	0.55	4	6	2	DeBeers	1974
1756	0.5	4	4	3	DeBeers	1993
1756	0.5	4	4	3	RioTinto	1966
1756	0.72	2	8	2	Debswana	1997
1756	0.58	2	4	2	RioTinto	1977
1756	0.71	1	8	3	Debswana	1998
1756	0.71	2	9	2	Debswana	2005
1757	0.52	7	9	2	Debswana	2006
1757	0.47	6	4	3	Alrosa	2005
1757	0.59	3	5	3	RioTinto	1988
1757	0.72	1	5	4	Alrosa	1988
1757	0.72	1	5	4	Debswana	1975
1798	0.73	1	6	3	DeBeers	2012
1798	0.64	4	8	3	DeBeers	1965
1798	0.82	1	9	2	Alrosa	1998
1798	0.8	6	11	2	Alrosa	2005
1798	0.5	3	4	3	RioTinto	1981
1799	0.7	1	6	4	Debswana	1976
1799	0.5	4	4	2	DeBeers	1984
1799	0.5	5	5	3	DeBeers	1995
1799	0.49	6	7	2	Debswana	1975
1799	0.7	1	4	4	Debswana	1964
1800	0.7	6	10	2	RioTinto	2013
1800	0.6	2	5	2	Debswana	2002
1800	0.52	4	4	3	DeBeers	2009
1800	0.75	1	8	2	Debswana	2009
1800	0.71	2	6	2	Debswana	2008
1800	0.7	2	9	2	Debswana	1979
1800	0.7	2	9	2	RioTinto	2014
1800	0.71	2	8	3	DeBeers	1993
1801	0.78	1	9	3	DeBeers	1970
1801	0.72	6	11	2	DeBeers	1985
1801	0.72	1	8	3	RioTinto	1997
1801	0.69	4	5	4	Alrosa	2015
1801	0.55	5	7	2	RioTinto	1965
1801	0.53	4	6	2	Alrosa	1971
1801	0.53	4	6	2	Debswana	1968
1841	0.5	4	6	1	RioTinto	1973
1841	0.7	7	11	3	Debswana	2006
1841	0.7	1	7	2	DeBeers	1984
1842	0.76	1	7	2	Alrosa	1997
1842	0.75	6	11	2	RioTinto	1978
1843	0.83	3	10	3	DeBeers	1964
1843	0.54	5	7	2	RioTinto	1968
1843	0.71	1	6	2	RioTinto	1982
1843	0.8	1	10	2	Debswana	2009
1844	0.7	2	9	3	RioTinto	1964
1844	0.7	2	9	3	RioTinto	1968
1844	0.7	1	8	3	Debswana	1995
1844	0.7	2	9	3	Alrosa	1996
1844	0.5	5	5	3	Debswana	2005
1844	0.5	5	5	3	RioTinto	1969
1844	0.63	3	6	3	RioTinto	1983
1845	0.53	4	4	4	RioTinto	1968
1845	0.53	4	4	2	Alrosa	1993
1845	0.53	4	4	2	Alrosa	2013
1845	0.6	4	7	3	Alrosa	2002
1845	0.7	2	8	2	RioTinto	1971
1845	0.52	7	9	1	Debswana	1997
1845	0.52	7	9	1	Debswana	2007
1845	0.51	4	5	3	RioTinto	2006
1845	0.5	5	5	2	RioTinto	1973
1881	0.91	2	11	2	RioTinto	1971
1881	0.7	1	4	4	Debswana	1977
1881	0.5	6	5	4	Alrosa	2011
1881	0.77	4	10	3	Alrosa	1982
1881	0.53	6	7	1	Debswana	1977
1881	0.53	6	7	1	Debswana	2003
1881	0.52	4	5	2	DeBeers	1964
1881	0.52	4	5	3	Debswana	1998
1881	0.71	2	8	2	DeBeers	1992
1881	0.6	4	7	4	RioTinto	1990
1881	0.6	4	7	2	Alrosa	1994
1882	0.7	1	5	3	Debswana	1984
1882	0.72	1	6	1	Debswana	1966
1882	0.71	7	10	3	Debswana	1992
1882	0.75	1	5	3	RioTinto	2002
1883	0.7	2	8	2	Debswana	1978
1883	0.7	2	8	2	DeBeers	1988
1883	0.7	2	8	2	RioTinto	1994
1883	0.7	2	8	2	Alrosa	1986
1883	0.7	2	8	2	Alrosa	2017
2001	0.53	7	8	2	RioTinto	1989
2001	0.54	7	7	2	RioTinto	1967
2001	0.54	7	7	2	Debswana	1967
2001	0.58	7	8	2	Alrosa	1980
2001	0.56	5	6	2	Alrosa	1968
2001	0.72	2	8	2	Alrosa	1963
2001	0.51	5	7	2	Debswana	1988
2002	0.74	1	5	3	DeBeers	1990
2002	0.77	7	11	2	RioTinto	1998
2002	0.76	3	10	3	RioTinto	2003
2002	0.5	5	4	3	RioTinto	1979
2002	0.5	6	5	3	DeBeers	2014
2002	0.5	6	5	3	DeBeers	2013
2002	0.5	6	5	3	Alrosa	1996
2002	0.5	5	4	4	Debswana	2000
2002	0.5	5	4	3	RioTinto	1999
2002	0.5	6	5	3	RioTinto	2006
2002	0.5	6	5	3	Debswana	1999
2002	0.53	5	5	2	Debswana	1995
2002	0.53	5	5	2	RioTinto	2011
2003	0.74	4	9	3	DeBeers	2015
2003	0.51	5	5	4	Debswana	2001
2003	0.71	1	6	2	Alrosa	1999
2004	0.52	5	5	3	Debswana	1995
2004	0.81	1	8	3	Alrosa	1987
2079	0.53	5	5	2	Alrosa	2013
2080	0.71	1	6	4	Debswana	1990
2080	0.83	4	10	3	DeBeers	1974
2080	0.73	4	9	3	Alrosa	2013
2080	0.73	2	8	3	Alrosa	1982
2081	0.72	3	8	2	Debswana	2005
2081	0.6	4	6	2	Alrosa	1968
2081	0.9	2	11	3	RioTinto	1963
2081	0.71	1	6	2	RioTinto	1974
2081	0.72	2	8	2	Debswana	1980
2082	0.71	3	9	2	DeBeers	1998
2082	0.7	2	6	3	Debswana	2003
2082	0.5	6	5	3	Alrosa	1988
2082	0.52	6	5	1	Debswana	2011
2082	0.52	6	5	3	RioTinto	2001
2082	0.72	1	6	2	DeBeers	2001
2083	0.5	5	4	3	RioTinto	1989
2083	0.71	2	7	2	DeBeers	2002
2083	0.9	3	11	3	DeBeers	2003
2083	0.54	5	7	1	Debswana	2014
2083	0.7	1	4	2	RioTinto	2014
2083	0.55	6	8	2	RioTinto	1985
2083	0.7	6	10	3	Alrosa	1976
2083	0.62	4	6	2	Alrosa	2014
2083	0.62	4	6	3	Debswana	1963
2117	0.6	5	7	3	DeBeers	1990
2117	0.7	5	8	4	DeBeers	2001
2117	0.75	1	6	3	Alrosa	1964
2117	0.7	1	6	3	Alrosa	1995
2117	0.8	1	6	3	Alrosa	1989
2118	0.73	2	7	2	Alrosa	1973
2118	0.73	4	9	3	Alrosa	1998
2118	0.73	4	9	3	Alrosa	1982
2118	0.72	1	7	1	Debswana	2006
2118	0.5	5	5	3	Alrosa	1969
2118	0.71	2	7	2	DeBeers	1966
2118	0.71	2	7	2	RioTinto	1996
2118	0.71	2	7	2	DeBeers	2005
2118	0.71	4	9	2	Debswana	1978
2118	0.71	4	9	2	RioTinto	1976
2118	0.71	4	9	3	Debswana	2010
2118	0.71	1	6	2	DeBeers	2015
2119	0.53	5	5	3	DeBeers	1997
2119	0.53	5	5	2	Debswana	1966
2119	0.53	5	5	2	Debswana	2017
2119	0.53	5	5	2	Debswana	1989
2119	0.53	5	5	3	Debswana	1971
2119	0.71	2	6	2	Debswana	2000
2119	0.71	2	6	3	Alrosa	1994
2119	0.71	2	6	3	Alrosa	1972
2156	0.51	6	6	2	RioTinto	1970
2156	0.5	6	5	3	Alrosa	1985
2156	0.73	3	8	3	Debswana	2000
2156	0.5	5	4	2	DeBeers	1999
2156	0.5	5	4	2	RioTinto	1971
2156	0.5	5	4	3	RioTinto	1971
2156	0.5	5	4	2	Debswana	1981
2156	0.5	5	4	3	Debswana	2014
2156	0.55	3	6	2	RioTinto	1981
2156	0.5	7	6	3	Alrosa	1981
2156	0.5	6	5	2	Alrosa	1981
2156	0.7	3	7	3	Alrosa	1964
2156	0.6	4	7	2	RioTinto	1989
2157	0.52	7	7	2	RioTinto	2005
2157	0.71	2	6	3	RioTinto	1977
2157	0.71	2	6	4	Debswana	2010
2157	0.73	1	6	2	RioTinto	2013
2157	0.72	1	4	3	Debswana	2001
2157	0.6	4	5	2	RioTinto	1986
2158	0.62	4	6	2	RioTinto	2015
2158	0.8	4	10	2	Debswana	1990
2158	0.73	2	5	3	Alrosa	2008
2159	0.54	5	5	2	RioTinto	2017
2159	0.54	6	6	2	RioTinto	2000
2159	0.54	5	5	2	DeBeers	2000
2197	0.72	2	6	2	Alrosa	1993
2197	0.9	2	11	2	DeBeers	1993
2198	0.5	6	6	2	Alrosa	1967
2199	0.58	4	6	1	RioTinto	1976
2199	0.58	4	6	2	Alrosa	1975
2199	0.51	5	4	2	Alrosa	2003
2199	0.51	5	4	3	Debswana	2002
2199	0.55	5	5	2	RioTinto	1993
2199	0.51	5	4	3	Alrosa	1979
2199	0.51	6	5	2	RioTinto	1985
2199	0.51	5	4	3	DeBeers	2009
2199	0.5	5	5	2	RioTinto	1967
2199	0.51	7	6	2	Debswana	2016
2199	0.6	3	5	2	DeBeers	2005
2199	0.53	5	5	2	RioTinto	1989
2200	0.53	7	5	2	Alrosa	1966
2200	0.81	2	9	2	RioTinto	1986
2200	0.7	4	9	2	RioTinto	2005
2200	0.73	1	6	2	Debswana	2015
2200	0.6	5	7	1	Debswana	1993
2200	0.74	3	8	3	Debswana	1991
2201	0.58	6	5	3	Debswana	1991
2201	0.7	1	5	3	Alrosa	1965
2201	0.6	4	5	2	RioTinto	1970
2202	0.71	2	4	3	RioTinto	2000
2232	0.91	4	11	3	Debswana	2013
2232	0.55	5	6	2	DeBeers	1980
2233	0.71	1	5	2	Debswana	2002
2233	0.71	1	5	2	Alrosa	1994
2233	0.7	3	7	3	DeBeers	1973
2233	0.77	1	7	3	Debswana	2005
2233	0.7	2	5	2	RioTinto	1983
2233	0.73	2	6	3	DeBeers	1977
2234	0.7	4	9	2	Debswana	1970
2234	0.7	2	7	1	RioTinto	1977
2234	0.71	2	5	3	RioTinto	1975
2234	0.71	2	5	2	DeBeers	1991
2234	0.7	2	7	2	Alrosa	1979
2234	0.7	4	9	2	RioTinto	1992
2234	0.52	6	6	3	RioTinto	2009
2234	0.52	6	6	3	Debswana	2003
2234	0.77	1	5	1	Alrosa	2009
2234	0.7	3	8	3	Alrosa	1973
2234	0.7	3	5	4	Debswana	1980
2234	0.7	2	6	2	RioTinto	2002
2234	0.7	3	8	3	Debswana	2015
2234	0.7	2	6	3	Debswana	2002
2234	0.7	2	7	3	Debswana	2007
2235	0.57	6	6	2	Debswana	1992
2236	0.75	2	6	3	RioTinto	2014
2272	0.54	5	5	2	Debswana	2015
2272	0.81	3	9	3	RioTinto	2006
2272	0.54	6	6	2	Debswana	1984
2272	0.81	2	8	3	DeBeers	1992
2273	0.64	5	8	1	RioTinto	2017
2273	0.7	5	8	3	RioTinto	1983
2273	0.72	2	6	3	DeBeers	1998
2273	0.7	1	4	2	Alrosa	2012
2273	0.72	2	6	2	Debswana	1975
2273	0.61	4	4	3	Debswana	1971
2274	0.77	4	9	3	RioTinto	1985
2274	0.8	2	8	3	RioTinto	1972
2274	0.51	6	6	1	Alrosa	1975
2274	0.71	2	5	2	Debswana	1973
2274	0.71	2	5	3	DeBeers	1964
2274	0.72	1	5	2	RioTinto	1981
2275	0.73	4	9	2	RioTinto	1967
2275	0.52	6	5	2	RioTinto	2003
2276	0.83	1	6	3	Alrosa	2014
2276	0.71	3	8	2	Debswana	1981
2276	0.81	4	10	2	RioTinto	2010
2276	0.7	2	6	3	Alrosa	1978
2276	0.78	3	9	3	Debswana	2009
2277	0.9	1	10	3	Debswana	2000
2277	0.72	1	5	3	Alrosa	1966
2313	0.81	2	8	3	Alrosa	1972
2314	0.71	2	4	3	Alrosa	1978
2314	0.71	2	4	3	Debswana	1989
2314	0.51	5	4	2	RioTinto	1975
2314	0.51	7	6	2	DeBeers	2006
2314	0.55	5	5	1	Alrosa	2012
2314	0.55	6	6	2	DeBeers	1984
2314	0.51	6	5	2	RioTinto	1963
2314	0.55	6	6	2	Debswana	1968
2314	0.72	1	4	3	Alrosa	1989
2314	0.72	2	6	4	Debswana	1994
2315	0.61	6	7	2	Debswana	2013
2315	0.5	6	5	3	Alrosa	1987
2316	0.94	3	11	3	Alrosa	1965
2316	0.94	3	11	2	RioTinto	2014
2316	0.73	2	6	2	RioTinto	1973
2316	0.73	2	6	3	Debswana	1970
2316	0.73	1	4	3	Debswana	1971
2317	0.5	6	5	2	RioTinto	1988
2317	0.5	5	4	3	DeBeers	1965
2317	0.5	6	5	2	Debswana	1966
2317	0.72	5	8	3	Alrosa	1979
2317	0.72	1	5	2	Alrosa	1973
2317	0.5	5	4	3	RioTinto	1987
2317	0.5	5	4	2	Debswana	1981
2359	0.72	1	5	2	RioTinto	2004
2359	0.72	1	5	2	Alrosa	1968
2359	0.77	1	4	3	Debswana	1981
2359	0.77	2	7	3	DeBeers	2004
2359	0.7	4	7	2	RioTinto	1976
2359	0.61	5	6	2	Alrosa	1972
2359	0.7	4	8	2	Debswana	1990
2359	0.74	1	5	1	Debswana	1990
2360	0.52	5	4	2	DeBeers	1972
2360	0.52	7	6	2	Debswana	1980
2361	0.73	3	7	2	DeBeers	1978
2361	0.8	1	8	2	DeBeers	1972
2361	0.8	1	8	2	RioTinto	2008
2361	0.81	3	9	2	Debswana	1973
2362	0.71	3	7	2	RioTinto	2002
2362	0.8	3	9	1	Alrosa	1978
2362	0.72	2	6	3	RioTinto	2014
2362	0.62	4	4	2	Debswana	2002
2362	0.74	3	8	2	RioTinto	1981
2363	0.54	5	5	2	RioTinto	1997
2364	0.65	4	5	2	RioTinto	2014
2364	0.8	2	8	2	Alrosa	1999
2364	0.8	1	6	2	DeBeers	2012
2364	0.72	4	8	1	RioTinto	2000
2365	0.7	3	8	3	RioTinto	2000
2406	0.81	2	10	2	RioTinto	1967
2406	0.9	1	10	3	Debswana	1966
2406	0.54	5	5	4	DeBeers	1964
2407	0.63	5	7	1	DeBeers	1988
2407	0.71	3	5	3	RioTinto	1964
2407	0.57	5	5	2	Debswana	1980
2407	0.71	4	7	2	RioTinto	1975
2407	0.91	2	10	3	DeBeers	1991
2408	0.53	7	7	2	Debswana	1976
2408	0.72	2	5	3	Debswana	2003
2409	0.7	4	7	3	Debswana	2012
2409	0.7	4	7	2	Alrosa	1978
2409	0.7	4	7	2	RioTinto	1968
2409	0.7	4	7	2	Debswana	1977
2409	0.56	5	4	1	Debswana	1970
2409	0.56	6	5	2	RioTinto	1994
2409	0.5	6	5	2	Debswana	1968
2409	0.71	1	4	3	Debswana	1964
2409	0.6	7	8	2	Alrosa	1987
2409	0.86	4	10	2	Debswana	1982
2409	0.73	2	6	3	Alrosa	1999
2409	0.83	1	5	3	Alrosa	1977
2410	0.51	7	7	2	DeBeers	1985
2410	0.51	7	7	2	Debswana	1981
2410	0.6	5	6	3	RioTinto	1965
2458	0.7	4	5	3	RioTinto	1974
2458	0.7	4	5	4	Alrosa	1964
2458	0.7	2	5	2	DeBeers	1968
2458	0.73	2	7	2	Alrosa	1965
2458	0.93	3	11	2	Alrosa	1995
2459	0.79	1	5	2	RioTinto	2007
2459	0.56	7	6	2	RioTinto	1969
2459	0.61	6	7	2	Debswana	1963
2459	0.61	6	7	2	Debswana	1992
2459	0.72	3	7	2	DeBeers	1977
2459	0.58	6	6	2	Debswana	2002
2460	0.58	7	7	2	Debswana	1988
2460	0.71	5	8	2	Debswana	1979
2460	0.71	7	9	4	Debswana	2012
2460	0.73	7	9	2	Debswana	1979
2460	0.71	2	5	3	RioTinto	1996
2461	0.7	3	6	3	Alrosa	2016
2461	0.7	3	7	3	RioTinto	2005
2462	0.72	2	5	2	Debswana	1972
2462	0.78	2	6	3	Alrosa	1964
2462	0.78	2	6	3	RioTinto	1981
2463	0.7	2	4	3	DeBeers	2016
2464	0.67	5	8	2	DeBeers	1996
2464	0.61	5	5	2	DeBeers	1981
2464	0.61	5	5	1	RioTinto	1970
2515	0.71	2	5	3	RioTinto	1971
2516	0.8	3	9	2	Debswana	1994
2516	0.57	5	4	2	RioTinto	1978
2516	0.57	6	5	2	Debswana	1967
2516	0.57	5	4	1	Debswana	2003
2516	0.72	1	5	2	Alrosa	1996
2516	0.7	5	8	2	DeBeers	1966
2516	0.5	6	4	2	DeBeers	1992
2517	0.9	4	10	3	Debswana	2009
2517	0.52	4	4	3	Alrosa	1981
2517	0.72	3	7	2	Alrosa	2007
2518	0.7	2	5	1	Debswana	1971
2518	0.7	2	5	3	DeBeers	2001
2518	0.7	2	5	2	Alrosa	1987
2518	0.7	2	5	2	DeBeers	2003
2518	0.7	4	7	4	Alrosa	1982
2519	0.71	2	6	3	DeBeers	1964
2519	0.71	2	4	2	DeBeers	1975
2520	0.9	1	9	3	DeBeers	2008
2520	0.9	1	9	3	Alrosa	1980
2520	0.7	3	6	3	Alrosa	2016
2520	0.72	3	5	3	Alrosa	1966
2520	0.72	5	9	2	Alrosa	1995
2520	0.75	5	9	2	Debswana	1992
2520	0.9	2	10	2	RioTinto	2007
2575	0.8	3	8	2	Alrosa	2001
2576	0.78	2	7	2	Debswana	1994
2576	0.79	1	5	2	DeBeers	1964
2576	0.8	1	5	3	RioTinto	2005
2576	0.75	3	8	1	DeBeers	1981
2577	0.71	2	5	3	RioTinto	1968
2577	0.71	2	5	2	DeBeers	2010
2577	0.71	2	5	3	DeBeers	2002
2577	0.71	1	6	2	Debswana	1990
2579	0.74	2	6	2	RioTinto	1978
2579	0.74	2	6	2	Debswana	2000
2579	0.7	3	6	3	Alrosa	1995
2579	0.7	3	6	3	RioTinto	2017
2580	0.7	3	5	3	DeBeers	1995
2580	0.8	2	7	3	Debswana	1967
2580	0.62	6	7	1	Debswana	2016
2580	0.66	7	8	2	Debswana	1966
2580	0.74	2	4	2	DeBeers	2006
2580	0.71	2	5	2	RioTinto	1984
2581	0.77	1	4	3	RioTinto	1999
2581	0.8	2	7	2	DeBeers	2001
2581	0.51	7	7	2	RioTinto	1999
2582	0.75	3	7	3	Alrosa	1986
2583	0.91	1	8	4	Debswana	1988
2583	0.72	4	8	3	Debswana	1963
2638	0.9	4	10	4	Alrosa	1974
2639	0.56	7	5	2	DeBeers	1986
2639	0.7	4	7	2	Alrosa	1972
2639	0.71	7	9	1	DeBeers	2014
2639	0.9	1	8	3	RioTinto	1964
2640	0.84	2	6	3	Debswana	1979
2640	0.8	3	8	2	DeBeers	1966
2640	0.75	2	5	3	Alrosa	1971
2641	0.7	5	8	3	DeBeers	1988
2641	0.58	6	5	2	Debswana	1976
2641	0.58	5	4	2	Debswana	1986
2642	0.7	3	5	3	RioTinto	1973
2642	0.7	3	5	3	RioTinto	2012
2642	0.6	5	6	2	DeBeers	2003
2642	0.9	1	4	4	Debswana	2000
2643	0.91	3	9	3	Alrosa	1965
2643	0.71	3	6	2	Alrosa	2014
2643	0.71	3	6	2	RioTinto	1973
2643	0.54	7	5	2	DeBeers	1990
2644	0.78	4	7	3	Debswana	1965
2645	0.7	4	5	3	DeBeers	1999
2645	0.75	2	4	2	Alrosa	1989
2645	0.75	2	4	2	Debswana	1974
2645	0.6	6	7	2	DeBeers	1971
2645	0.76	3	8	2	RioTinto	1983
2715	0.81	1	4	3	RioTinto	2006
2715	0.7	5	7	3	RioTinto	1981
2715	0.74	6	9	2	Alrosa	2007
2716	0.71	3	4	3	Debswana	1980
2716	0.71	3	4	2	RioTinto	2002
2716	0.92	1	9	2	Alrosa	2008
2716	0.92	1	9	3	Alrosa	2006
2717	0.78	3	6	3	DeBeers	1971
2717	0.63	5	5	2	Alrosa	1990
2717	0.72	3	6	2	RioTinto	1984
2717	0.57	7	5	2	Debswana	1998
2717	0.57	7	5	1	DeBeers	2000
2718	0.83	2	7	2	RioTinto	2011
2718	0.82	3	9	2	RioTinto	2006
2718	0.58	5	4	3	DeBeers	1988
2718	0.74	2	6	2	DeBeers	1993
2719	0.77	2	6	2	DeBeers	1976
2720	0.7	3	5	3	Debswana	2010
2720	0.67	6	7	2	Alrosa	1967
2720	0.86	1	5	3	RioTinto	1964
2720	0.86	1	5	2	DeBeers	2001
2720	0.94	4	11	2	DeBeers	1979
2721	0.63	5	5	1	Debswana	1987
2721	0.51	6	4	2	Debswana	1986
2721	0.74	4	8	2	Debswana	1963
2790	0.86	5	10	2	Debswana	1987
2791	0.61	5	5	3	Debswana	2005
2791	0.61	5	5	2	Debswana	1991
2791	0.7	3	5	1	DeBeers	2008
2792	0.6	6	5	1	RioTinto	2014
2792	0.72	3	6	2	Debswana	1979
2792	0.71	6	7	2	DeBeers	1997
2792	0.7	3	5	3	DeBeers	2007
2793	0.91	1	8	3	RioTinto	1966
2793	0.77	3	8	2	Alrosa	2009
2796	0.78	2	5	3	DeBeers	1984
2796	0.73	2	4	3	Debswana	2006
2796	0.91	1	6	3	Debswana	1963
2796	0.9	1	9	4	Alrosa	1998
2796	0.7	3	6	3	Alrosa	1988
2797	1.02	1	11	3	Debswana	1989
2797	0.65	7	8	2	DeBeers	1990
2797	0.9	2	7	4	Debswana	1974
2797	0.72	3	5	2	Alrosa	1985
2798	0.73	2	4	2	Debswana	1980
2798	0.62	5	5	2	Debswana	1995
2800	1.01	2	11	3	Debswana	2012
2800	0.78	3	6	2	DeBeers	1990
2800	0.7	5	6	3	RioTinto	2015
2801	0.74	4	6	3	DeBeers	1981
2869	0.8	3	7	3	Debswana	1990
2870	1.01	3	11	3	DeBeers	1994
2870	0.72	3	5	2	Debswana	2002
2870	0.72	3	5	2	DeBeers	1982
2871	0.8	3	8	2	DeBeers	1985
2871	0.9	3	10	3	DeBeers	2003
2871	0.7	6	7	3	DeBeers	2008
2871	0.58	7	6	2	RioTinto	2010
2872	1	1	11	2	Debswana	1982
2873	0.72	6	8	3	RioTinto	1974
2873	0.9	1	9	3	Debswana	1974
2873	0.94	2	10	3	Debswana	2013
2873	0.91	4	10	3	DeBeers	1987
2873	0.85	6	10	2	Debswana	2003
2874	0.91	2	8	4	Debswana	1981
2874	0.7	5	8	2	Debswana	1995
2875	0.93	1	10	2	RioTinto	2010
2875	0.75	2	6	1	Alrosa	1994
2875	0.7	4	6	2	Alrosa	1981
2876	0.71	3	5	2	Alrosa	2013
2877	0.71	3	4	2	DeBeers	1986
2877	0.9	1	7	4	Debswana	1967
2877	0.81	5	9	2	Debswana	1991
2878	0.8	2	6	3	RioTinto	1964
2878	0.9	1	5	4	DeBeers	2002
2948	0.94	1	9	2	Alrosa	2015
2948	0.84	2	4	3	DeBeers	1968
2948	0.9	3	10	3	DeBeers	2001
2949	0.73	3	4	3	Alrosa	1994
2949	0.6	5	5	1	Alrosa	2013
2949	0.7	4	5	3	Alrosa	1966
2951	1.04	1	11	2	Debswana	2015
2951	0.77	6	9	2	DeBeers	1992
2951	0.58	6	5	1	Debswana	1981
2951	0.62	7	6	2	Debswana	1997
2952	0.96	1	8	4	RioTinto	1981
2952	1.04	1	10	4	DeBeers	1995
2952	0.9	2	9	3	Alrosa	1970
2952	0.72	3	5	1	Alrosa	1964
2953	0.76	3	5	3	RioTinto	1980
2953	0.74	3	5	2	Debswana	2005
2953	0.9	1	8	3	Alrosa	2004
2953	0.7	4	4	3	DeBeers	1984
2954	0.9	1	6	4	RioTinto	1973
2955	0.9	1	7	3	RioTinto	1967
2955	0.78	3	7	3	DeBeers	1987
2955	0.9	3	9	3	Debswana	1978
2956	0.61	5	4	1	Debswana	1981
2956	0.7	4	5	3	Alrosa	1969
2956	1	1	9	4	DeBeers	1963
2994	0.81	3	7	3	Alrosa	2011
2994	0.96	1	9	3	Alrosa	1984
2995	1.09	1	11	2	DeBeers	2005
2995	0.83	5	9	1	DeBeers	2003
2995	0.99	2	10	4	Alrosa	2017
2995	0.71	4	4	2	RioTinto	1998
2995	0.71	4	4	3	DeBeers	1997
2996	0.7	4	5	2	Alrosa	2011
2997	1.01	1	10	3	Alrosa	2015
2997	1.01	1	11	2	Debswana	1982
2998	0.7	6	7	2	Debswana	1971
3000	0.67	6	5	2	DeBeers	1992
3000	1.01	1	11	3	Alrosa	1980
3001	1.08	1	11	3	DeBeers	1993
3001	0.91	1	6	2	Debswana	1998
3002	0.7	5	6	2	Alrosa	1990
3002	0.7	4	5	3	Debswana	1995
3003	1.05	2	11	2	RioTinto	2012
3003	1.05	2	11	3	RioTinto	1995
3003	1.05	2	11	3	DeBeers	1985
3003	0.7	4	6	2	RioTinto	2008
3003	0.67	6	6	2	DeBeers	1969
3005	1.01	2	11	3	DeBeers	2008
3005	1.01	2	11	3	RioTinto	2015
3005	0.72	3	4	2	Debswana	1976
3005	0.96	1	8	3	RioTinto	1992
3006	0.94	1	5	4	RioTinto	1990
3006	0.64	7	5	2	RioTinto	1968
3006	0.64	7	5	2	Debswana	2003
3006	0.7	4	5	3	Debswana	1993
3006	1.01	3	11	2	Debswana	2015
3006	0.72	4	6	3	Debswana	1975
3007	0.71	3	5	3	Alrosa	2001
3007	0.71	6	7	2	Debswana	1977
3007	0.77	2	5	3	Debswana	1995
3007	0.71	6	8	2	DeBeers	2006
3007	0.9	1	8	2	RioTinto	1965
3007	0.81	5	8	3	DeBeers	1995
3161	0.76	6	8	2	DeBeers	2007
3161	0.57	6	5	2	RioTinto	1999
3161	1	1	9	2	Alrosa	2005
3162	1.01	1	10	3	RioTinto	1974
3162	0.67	6	5	1	Alrosa	2000
3162	0.67	6	5	2	DeBeers	1999
3162	0.9	3	9	2	DeBeers	2012
3163	0.71	5	7	3	RioTinto	1987
3164	0.9	1	8	3	DeBeers	1976
3164	0.9	1	8	3	RioTinto	1963
3164	0.65	5	4	2	RioTinto	2009
3164	0.9	2	8	3	Alrosa	1981
3164	0.94	1	5	3	RioTinto	2009
3165	0.8	5	9	2	Alrosa	1967
3165	0.72	3	4	2	DeBeers	1986
3165	0.91	1	5	3	Debswana	1997
3165	0.73	6	8	2	Debswana	1999
3166	0.9	2	9	2	Debswana	1989
3166	0.54	7	4	2	Debswana	1963
3167	0.81	2	5	2	DeBeers	2013
3167	0.71	6	7	2	RioTinto	1996
3168	0.72	5	6	4	DeBeers	2012
3168	0.75	3	4	4	Debswana	1971
3168	0.9	3	11	4	Alrosa	2015
3168	0.8	2	6	2	Alrosa	1982
3161	0.76	6	8	2	RioTinto	1973
3161	0.57	6	5	2	Alrosa	2013
3161	1	1	9	2	Alrosa	2000
3162	1.01	1	10	3	Debswana	1999
3162	0.67	6	5	1	RioTinto	1991
3162	0.67	6	5	2	Alrosa	2015
3162	0.9	3	9	2	Debswana	2016
3163	0.71	5	7	3	Alrosa	1987
3164	0.9	1	8	3	RioTinto	1973
3164	0.9	1	8	3	DeBeers	2016
3164	0.65	5	4	2	Debswana	2015
3164	0.9	2	8	3	Debswana	1963
3164	0.94	1	5	3	RioTinto	1970
3165	0.8	5	9	2	Debswana	2002
3165	0.72	3	4	2	DeBeers	1971
3165	0.91	1	5	3	RioTinto	1978
3165	0.73	6	8	2	RioTinto	1971
3166	0.9	2	9	2	Debswana	1987
3166	0.54	7	4	2	DeBeers	1992
3167	0.81	2	5	2	Alrosa	1990
3167	0.71	6	7	2	DeBeers	1999
3168	0.72	5	6	4	Alrosa	2012
3168	0.75	3	4	4	DeBeers	2003
3168	0.9	3	11	4	RioTinto	1983
3168	0.8	2	6	2	Alrosa	1992
3334	0.58	6	5	1	DeBeers	1968
3335	0.71	5	5	1	RioTinto	1997
3336	0.91	4	9	3	Debswana	1986
3337	0.76	2	4	2	RioTinto	1999
3337	0.71	5	5	3	RioTinto	1992
3337	0.74	4	8	3	Debswana	1988
3337	0.7	6	5	3	DeBeers	1993
3338	0.91	2	9	2	RioTinto	1983
3339	0.77	5	7	2	RioTinto	2000
3339	0.71	2	5	2	DeBeers	1976
3339	0.71	5	6	3	Debswana	1971
3339	0.99	2	9	3	Alrosa	2001
3339	1.01	3	11	3	RioTinto	1994
3341	0.74	3	4	2	RioTinto	1963
3341	1	2	10	4	RioTinto	1993
3341	0.81	3	6	2	Alrosa	1964
3341	0.9	1	7	3	DeBeers	1976
3341	0.9	6	10	3	Alrosa	1967
3341	0.9	1	7	1	DeBeers	2011
3342	0.78	4	6	2	RioTinto	1970
3342	0.54	7	4	3	Alrosa	1979
3344	0.73	5	6	2	RioTinto	1972
3344	0.92	3	9	3	Debswana	2006
3344	0.92	3	9	3	Debswana	1996
3344	0.7	7	7	3	RioTinto	2016
3427	1.02	2	11	3	Debswana	2007
3429	0.7	5	5	2	Alrosa	1983
3430	0.77	3	4	2	RioTinto	1971
3431	0.72	5	6	1	Alrosa	1990
3431	0.75	5	7	2	Debswana	2014
3431	0.75	5	7	2	Alrosa	2011
3431	0.93	2	9	3	Debswana	1990
3431	0.76	4	5	2	DeBeers	1997
3431	1	1	10	3	Alrosa	1986
3432	1.04	2	11	3	DeBeers	2009
3432	0.8	6	8	2	Alrosa	2012
3433	1.06	2	10	2	DeBeers	1999
3433	0.73	5	6	2	Debswana	1985
3434	0.75	4	5	3	RioTinto	2006
3434	0.73	4	5	2	Alrosa	2001
3435	1.02	3	11	2	RioTinto	1983
3437	0.9	2	8	3	RioTinto	1979
3437	1.24	1	11	3	Alrosa	1985
3437	0.72	6	6	3	Alrosa	2017
3437	0.72	6	6	1	DeBeers	2006
3437	0.93	4	9	3	RioTinto	1984
3437	0.62	6	4	2	RioTinto	1979
3438	0.9	2	8	2	RioTinto	2011
3440	1.01	1	10	3	DeBeers	1972
3440	1.01	1	10	2	Debswana	2016
3519	0.9	5	9	4	Alrosa	2005
3519	0.9	5	9	4	Debswana	2005
3520	0.8	3	5	3	DeBeers	1963
3521	0.9	1	5	3	Debswana	1984
3521	1.04	2	10	3	DeBeers	1972
3522	0.92	2	5	3	Debswana	2008
3523	0.66	7	5	2	RioTinto	1997
3523	0.7	5	5	3	Alrosa	2012
3523	1.01	1	8	4	Alrosa	1963
3524	0.91	2	8	2	Alrosa	2014
3524	0.92	1	6	3	RioTinto	1964
3524	0.83	5	8	1	DeBeers	1993
3525	0.72	5	5	2	RioTinto	1967
3525	0.72	7	7	2	Debswana	2003
3525	1.01	3	11	1	Debswana	1964
3525	0.71	5	5	3	Alrosa	1991
3527	0.55	7	4	2	RioTinto	2010
3527	0.71	3	4	2	RioTinto	1981
3528	0.9	6	10	3	DeBeers	1967
3528	0.9	2	8	3	Debswana	1969
3528	0.9	2	8	3	DeBeers	1970
3529	0.91	2	8	2	Debswana	1997
3529	0.92	1	7	3	RioTinto	2002
3529	0.9	2	8	2	Debswana	1967
3529	0.9	1	5	3	Debswana	1982
3600	0.64	6	5	1	Alrosa	1990
3600	1.12	3	11	2	Debswana	2007
3600	0.9	1	4	2	Alrosa	2003
3601	0.96	2	8	3	RioTinto	2013
3601	1.06	1	11	2	DeBeers	1972
3601	1.06	1	10	3	Alrosa	1997
3602	1.01	2	10	3	RioTinto	2002
3604	0.9	3	8	2	DeBeers	1998
3604	0.91	4	9	3	RioTinto	1968
3604	0.9	3	8	4	Debswana	1978
3604	0.65	6	4	2	Debswana	1975
3604	0.9	4	8	3	Alrosa	1969
3604	0.9	4	8	3	RioTinto	1983
3604	0.9	4	8	3	Debswana	2006
3604	0.9	3	8	4	RioTinto	2010
3604	0.9	3	8	4	Alrosa	2006
3604	0.9	3	8	3	Alrosa	1965
3604	0.9	3	8	3	RioTinto	2000
3604	0.9	3	8	3	Debswana	1978
3604	1.17	1	10	3	RioTinto	1974
3604	0.9	2	6	2	DeBeers	1977
3604	0.9	7	10	3	Debswana	1998
3605	0.78	4	6	2	RioTinto	1984
3605	0.9	1	6	3	Alrosa	1986
3605	0.9	1	6	2	Debswana	2004
3675	0.9	1	4	4	DeBeers	1996
3675	0.76	4	5	1	Debswana	2003
3676	0.62	6	4	1	DeBeers	2006
3676	0.62	6	4	2	DeBeers	2017
3676	1.01	1	9	3	DeBeers	1977
3677	0.91	3	8	3	Debswana	1984
3677	0.91	3	8	3	RioTinto	1981
3677	1.01	3	10	3	Alrosa	2003
3678	0.76	2	5	3	Alrosa	1969
3679	1	1	9	4	DeBeers	1970
3680	1.01	2	10	3	Alrosa	1965
3680	1.01	2	10	1	Debswana	1968
3680	1	4	11	2	RioTinto	2003
3680	0.71	6	6	1	Debswana	1972
3680	1	1	7	4	DeBeers	1987
3681	1.17	1	10	2	Alrosa	1989
3681	1.02	1	10	2	DeBeers	1978
3681	1.03	1	9	2	RioTinto	2013
3682	0.74	6	6	2	Debswana	1989
3683	0.9	2	4	4	Alrosa	1969
3683	0.9	2	4	3	DeBeers	2009
3683	0.9	2	4	3	DeBeers	1966
3683	0.9	2	4	3	Debswana	2013
3683	0.9	2	4	3	RioTinto	1970
3683	0.7	5	5	2	DeBeers	1984
3751	1.04	3	11	2	RioTinto	2001
3752	1	3	10	3	DeBeers	1963
3752	0.9	4	9	3	RioTinto	1975
3752	1.23	3	11	3	DeBeers	1980
3752	0.9	1	5	3	RioTinto	1999
3752	0.9	1	5	3	DeBeers	2000
3752	0.9	1	5	3	Alrosa	1993
3752	0.9	1	5	3	Debswana	1987
3752	0.9	1	5	2	Alrosa	1987
3752	1.03	2	10	3	RioTinto	1993
3753	0.9	2	7	2	Alrosa	1988
3754	0.7	7	5	2	Alrosa	1981
3755	1.06	2	10	1	DeBeers	2004
3755	1	1	7	2	DeBeers	1993
3756	1.01	1	8	3	RioTinto	1998
3756	0.7	6	5	1	RioTinto	2001
3756	0.7	4	4	2	Alrosa	1994
3756	1.04	1	10	3	RioTinto	1978
3757	1.01	5	11	3	Debswana	2007
3757	0.69	6	5	3	RioTinto	1972
3757	0.73	6	6	2	Debswana	1982
3757	0.73	6	6	2	Debswana	1966
3757	0.73	6	6	1	Debswana	1991
3758	0.56	7	5	2	Alrosa	1971
3758	1.01	1	8	4	DeBeers	2004
3827	1.01	1	7	4	RioTinto	2009
3827	1.01	2	10	3	DeBeers	1992
3828	0.91	2	6	2	RioTinto	1985
3828	0.59	7	4	3	Alrosa	1978
3828	1	1	5	3	DeBeers	1981
3828	1	1	5	4	DeBeers	1973
3829	1.05	1	8	3	RioTinto	1971
3829	1.05	1	8	3	Debswana	2006
3829	0.91	2	7	3	Alrosa	2006
3829	0.91	2	7	3	RioTinto	2002
3829	1.05	1	9	2	Alrosa	1971
3830	1.03	2	9	3	Debswana	1990
3830	0.95	1	6	2	DeBeers	1984
3830	0.83	3	5	2	DeBeers	1986
3830	0.7	5	5	1	RioTinto	1964
3830	0.9	2	7	3	DeBeers	1985
3831	1.08	1	10	2	DeBeers	2017
3832	0.91	2	8	3	Debswana	1974
3832	1.01	2	8	2	DeBeers	1965
3832	1.01	2	8	4	Debswana	1986
3833	1.01	1	9	3	Debswana	2017
3833	1.01	1	9	3	RioTinto	1974
3833	1.01	1	9	3	Alrosa	1995
3833	1.01	1	9	3	Debswana	1992
3833	1.01	2	9	2	RioTinto	1974
3903	1.01	1	9	1	Debswana	2006
3903	1.01	1	9	2	DeBeers	1963
3903	1.01	1	9	3	Debswana	1999
3903	0.91	4	8	3	DeBeers	2017
3903	1.03	1	7	3	Alrosa	1964
3903	1.03	4	10	4	Debswana	1963
3904	0.91	3	8	3	Alrosa	1990
3904	0.91	3	6	4	DeBeers	1970
3904	0.83	4	5	3	RioTinto	1985
3905	1	2	9	3	RioTinto	2005
3905	0.9	5	9	3	Debswana	1979
3905	0.9	2	4	3	Debswana	1997
3907	0.8	4	5	3	RioTinto	1973
3907	0.82	6	8	2	Debswana	1982
3907	1.18	1	10	3	Debswana	1967
3907	1.2	1	10	2	Debswana	2008
3908	0.74	4	5	2	Debswana	1986
3909	1.12	3	11	2	Alrosa	1984
3909	1.03	2	10	3	DeBeers	1990
3909	1.03	2	10	2	Alrosa	1966
3909	1.03	2	10	2	RioTinto	2013
3909	1.03	2	10	2	Alrosa	1984
3909	1.03	2	10	3	Alrosa	1965
3909	1.03	2	10	4	RioTinto	2017
3909	1.03	1	9	2	RioTinto	2012
3975	1.09	1	8	3	RioTinto	2006
3975	1.09	1	8	3	Debswana	1979
3975	1.09	1	8	2	DeBeers	2006
3975	0.9	3	7	3	Debswana	1992
3975	0.91	4	8	3	Debswana	2002
3975	0.91	3	8	3	Debswana	2004
3975	0.91	3	8	3	Debswana	2002
3976	1.02	1	5	3	DeBeers	2006
3976	0.9	3	8	3	RioTinto	1978
3976	1.01	1	8	3	RioTinto	1974
3977	1.37	1	11	2	Debswana	2014
3977	1.01	4	11	3	RioTinto	2008
3978	0.76	5	5	3	Alrosa	2002
3979	0.95	2	6	3	Debswana	1977
3980	0.9	2	7	2	Debswana	1964
3980	1.03	2	10	2	Debswana	1973
3980	1.03	2	10	2	Alrosa	1982
3980	1.03	1	9	3	Alrosa	1991
3980	0.8	6	8	3	Debswana	2007
3980	0.84	5	7	2	Debswana	2017
3980	0.74	6	5	2	Debswana	1992
3981	0.9	3	7	3	DeBeers	1969
3981	0.94	5	9	3	RioTinto	1995
3981	1.16	3	10	3	RioTinto	1973
3981	1.03	2	10	2	Debswana	1984
3993	1.01	1	8	3	DeBeers	2010
3994	0.91	5	9	2	Debswana	1969
3994	1.23	3	11	3	Debswana	1969
3995	1.01	2	9	3	Debswana	1985
3995	0.7	6	5	2	DeBeers	2008
3995	0.91	1	6	2	Debswana	2014
3996	1.06	4	10	3	Debswana	1969
3997	1.05	1	7	2	Debswana	2009
3997	1.03	1	9	2	RioTinto	2000
3997	0.95	2	7	3	Debswana	1979
3997	1.03	1	6	3	Debswana	1984
3998	1.21	2	11	3	DeBeers	2010
3998	0.7	5	4	2	DeBeers	2005
3998	0.7	5	4	2	RioTinto	2008
3998	1.02	1	9	2	DeBeers	2006
3999	1.04	1	9	3	Alrosa	1995
4000	1.01	1	6	3	Alrosa	1998
4000	1.01	3	10	3	DeBeers	2012
4000	1.01	4	11	2	Debswana	1987
4000	1.01	3	10	2	RioTinto	2009
4000	1.01	3	10	3	RioTinto	2002
4000	1.01	5	11	3	Debswana	1986
4000	1.01	3	10	2	RioTinto	1986
4000	1.01	2	9	3	Debswana	2008
4001	0.72	6	5	2	Alrosa	1994
4001	1.09	2	10	3	DeBeers	2014
4001	1.17	2	11	2	DeBeers	1991
4001	1.05	1	9	3	Alrosa	1997
4002	1.04	1	7	2	Alrosa	1980
4002	0.96	1	5	3	RioTinto	1981
4002	1.13	1	9	3	Debswana	1965
4003	1.09	5	11	3	Debswana	2011
4003	1.11	2	10	2	Alrosa	2007
4003	0.8	7	8	2	Alrosa	1985
4003	0.8	6	7	1	Debswana	2017
4004	1	2	9	4	Alrosa	1988
4004	1	2	9	2	Debswana	1995
4004	1	2	9	4	RioTinto	1997
4004	1	2	9	2	RioTinto	1989
4004	1	2	9	4	RioTinto	1980
4006	0.91	2	5	3	Alrosa	2010
4007	0.97	2	8	2	Alrosa	1995
4007	1.01	1	9	3	DeBeers	1982
4007	1.01	1	9	3	DeBeers	2007
4007	1.01	1	9	3	Alrosa	2004
4007	1.01	2	10	1	DeBeers	1977
4007	1.01	1	9	3	DeBeers	1987
4007	1.01	1	9	3	Alrosa	2004
4008	0.92	2	6	2	Alrosa	1995
4067	0.9	2	5	3	RioTinto	1968
4067	1.03	2	9	2	Alrosa	1995
4067	1.02	1	7	2	Alrosa	1999
4068	1.01	1	8	2	RioTinto	1976
4069	1.21	1	9	3	DeBeers	1987
4070	1	1	8	3	Alrosa	1981
4071	1.01	2	9	2	RioTinto	2003
4072	1.01	1	8	2	Alrosa	1977
4072	1.01	2	9	3	Alrosa	1996
4072	1.01	2	9	3	Debswana	1980
4072	1.01	1	7	3	RioTinto	1991
4072	1.01	4	11	2	Debswana	1987
4073	0.91	4	8	3	Debswana	1966
4073	0.91	2	7	2	Debswana	1965
4074	1.2	3	11	3	DeBeers	1967
4074	1.03	2	8	3	Alrosa	2011
4074	1	3	10	3	Debswana	2016
4076	1	1	6	3	RioTinto	1974
4076	1.02	1	9	2	Alrosa	1981
4077	1	2	9	3	RioTinto	1963
4077	1	2	9	3	RioTinto	1969
4077	1	2	9	4	DeBeers	2001
4077	1.01	4	10	3	Debswana	1989
4077	1.01	1	7	3	RioTinto	1985
4077	1.01	1	7	4	Alrosa	1977
4135	0.9	2	4	3	Debswana	2004
4135	1	2	8	3	Debswana	2014
4136	1.11	1	9	3	Debswana	1996
4136	1.13	1	9	1	Alrosa	2017
4136	1.01	1	8	2	Alrosa	2001
4136	0.76	7	7	2	RioTinto	1982
4137	1.09	1	6	3	Debswana	2010
4137	1.1	1	9	2	Debswana	1983
4137	1.09	2	10	4	Debswana	1976
4137	0.9	4	8	2	Debswana	2017
4137	0.9	4	8	2	Alrosa	2012
4137	0.91	2	5	2	DeBeers	1984
4138	0.66	6	4	2	Alrosa	1987
4138	1.04	2	8	3	Debswana	1988
4138	0.91	2	5	3	DeBeers	2014
4139	0.57	7	4	2	Alrosa	1982
4139	0.77	5	6	2	Alrosa	2011
4139	1.03	1	9	2	RioTinto	1992
4139	1.02	1	8	1	DeBeers	1982
4140	1.12	3	10	3	DeBeers	1977
4140	1.1	3	10	2	DeBeers	2006
4140	1	3	10	3	Alrosa	2007
4140	1.01	1	9	3	Debswana	1966
4140	1.01	2	10	4	DeBeers	1983
4140	1.01	2	7	3	DeBeers	2016
4204	0.72	6	4	2	DeBeers	1985
4204	0.91	4	8	2	Alrosa	1964
4204	1.05	1	8	3	RioTinto	1998
4204	0.91	3	6	3	RioTinto	1974
4204	0.91	3	6	3	Alrosa	2001
4205	0.81	6	7	2	Debswana	1978
4205	0.81	6	7	1	Debswana	2013
4205	1.06	1	5	4	RioTinto	2012
4205	0.8	4	4	3	Alrosa	1993
4206	1	1	7	3	RioTinto	1983
4206	1.06	2	10	2	Debswana	1985
4206	1.11	4	10	3	DeBeers	1975
4206	1.11	1	7	3	DeBeers	2007
4206	1.11	1	7	3	Debswana	1973
4207	1.08	1	8	3	RioTinto	1987
4207	1.26	1	9	2	DeBeers	1980
4208	0.9	3	7	3	RioTinto	1972
4208	1	1	8	4	Alrosa	1972
4208	1.06	4	11	2	Alrosa	2014
4208	1.07	2	10	2	Alrosa	1999
4208	0.9	2	6	2	Alrosa	1975
4210	1.04	1	7	2	DeBeers	2008
4210	0.92	3	8	2	Debswana	1983
4211	1.01	1	8	1	DeBeers	1979
4211	1.01	1	8	3	DeBeers	1981
4273	0.93	2	4	3	Alrosa	1987
4273	0.59	7	4	2	DeBeers	2000
4273	1	1	7	3	Debswana	1972
4273	1.04	1	7	3	RioTinto	1993
4273	1.05	3	10	3	DeBeers	2001
4275	1.14	1	10	3	DeBeers	2002
4275	0.75	4	4	1	Debswana	1974
4275	1	2	8	3	Alrosa	2015
4275	1.07	2	9	3	RioTinto	1990
4275	0.9	2	6	2	Debswana	1969
4275	0.9	2	6	2	DeBeers	1967
4276	1.15	6	11	3	Debswana	1974
4276	1.06	2	9	3	Alrosa	1994
4276	0.92	3	7	3	DeBeers	1986
4277	1.08	5	11	3	RioTinto	2016
4277	0.9	3	6	3	RioTinto	1984
4277	1.08	3	10	3	Debswana	2006
4277	1.01	2	9	2	DeBeers	1994
4277	1.01	4	8	4	DeBeers	2015
4277	1.01	3	9	4	Alrosa	2011
4277	1.01	3	9	3	DeBeers	1964
4277	1.01	3	9	4	Alrosa	1983
4277	1.01	1	7	3	Alrosa	2011
4278	0.79	5	6	2	DeBeers	1999
4278	1.07	1	8	2	DeBeers	1969
4338	0.93	1	4	2	DeBeers	1994
4338	0.81	5	6	2	DeBeers	2014
4338	1.06	1	8	2	Alrosa	2012
4338	1	2	8	4	Alrosa	2001
4338	1.01	1	6	3	RioTinto	1963
4339	1.04	1	8	3	Debswana	1985
4339	0.8	4	5	2	Debswana	2004
4339	0.8	4	5	2	Debswana	2003
4339	1.07	1	8	3	Alrosa	1970
4341	0.76	5	4	2	Debswana	1980
4341	0.8	5	6	2	DeBeers	2014
4341	0.8	6	6	3	DeBeers	1976
4341	0.72	7	5	2	RioTinto	1989
4342	1.08	2	10	2	RioTinto	1990
4342	1.07	1	8	2	DeBeers	1969
4342	0.97	2	7	3	Debswana	1981
4343	0.94	3	6	3	DeBeers	1993
4344	1.16	2	10	3	Debswana	1964
4344	1.16	1	9	3	Alrosa	1984
4344	1.03	1	7	2	Alrosa	1992
4344	1.01	1	6	3	RioTinto	2002
4345	1	2	8	3	RioTinto	1977
4345	1.07	2	10	2	Alrosa	1983
4346	0.7	7	5	2	DeBeers	1984
4346	1.14	1	9	1	DeBeers	1981
4413	0.7	6	4	3	Alrosa	1963
4415	1.22	2	11	1	RioTinto	2008
4415	1.08	1	8	3	Debswana	1991
4415	0.91	7	9	2	Alrosa	1998
4415	1.05	1	7	2	RioTinto	2004
4416	1.05	1	7	3	Alrosa	2006
4416	1	3	10	3	DeBeers	2003
4416	0.96	2	7	2	RioTinto	2005
4416	1.01	1	7	3	RioTinto	1967
4416	1.01	4	10	3	Debswana	1984
4416	1.01	4	10	3	Alrosa	1983
4416	1.01	4	10	3	Alrosa	2001
4416	1.01	1	7	3	Debswana	1964
4416	1.01	1	7	2	DeBeers	1968
4416	1.01	1	7	4	Debswana	2017
4416	1	1	6	2	DeBeers	2005
4416	1	3	9	3	Debswana	2001
4417	1	2	8	3	DeBeers	1975
4417	1	2	8	3	Alrosa	1983
4417	1.01	1	6	2	RioTinto	2006
4417	1.01	1	6	2	Debswana	1987
4418	1.23	1	10	3	RioTinto	1975
4418	1.35	1	11	3	DeBeers	2001
4418	1.05	1	8	2	Debswana	2006
4419	1	2	5	3	Debswana	1974
4482	1.08	2	9	3	Alrosa	1970
4482	1.01	2	9	3	DeBeers	1973
4482	1.06	1	8	3	RioTinto	2017
4482	0.82	4	4	2	Debswana	1988
4483	0.77	5	5	2	Alrosa	2009
4483	1.15	4	11	3	Alrosa	2011
4484	0.74	5	4	2	Debswana	1979
4484	0.92	7	9	2	Alrosa	1980
4484	1.01	7	11	3	RioTinto	1976
4484	1.03	1	7	1	Debswana	1967
4484	1.03	1	7	2	Debswana	1981
4484	1.12	2	9	3	Debswana	2015
4484	1.1	2	9	3	Debswana	1996
4485	0.9	3	5	3	RioTinto	2016
4485	1.11	2	9	3	DeBeers	1971
4485	1.23	2	10	3	Debswana	1987
4486	0.9	4	8	3	RioTinto	2006
4486	1.03	1	8	2	Alrosa	2004
4486	1.03	1	7	2	Alrosa	1997
4486	1.03	1	7	3	DeBeers	1988
4487	1.03	3	9	3	Alrosa	1979
4487	1.03	1	6	2	Debswana	1981
4487	1.02	1	8	2	Alrosa	2006
4487	1.06	2	9	3	Debswana	1993
4487	1.07	2	9	2	DeBeers	2003
4550	0.8	5	6	1	Alrosa	1982
4550	1.25	1	10	2	Debswana	2008
4551	0.83	5	6	2	Debswana	1994
4551	0.83	5	6	2	Alrosa	1978
4551	1.04	1	6	3	DeBeers	2015
4552	1.01	2	8	3	Alrosa	1990
4552	0.9	2	5	2	DeBeers	2000
4552	0.9	2	5	3	DeBeers	1972
4552	0.9	2	5	2	DeBeers	1983
4552	1.06	1	7	2	DeBeers	1975
4553	0.96	3	8	3	Debswana	2007
4553	0.71	5	4	2	RioTinto	1986
4553	0.9	3	5	3	RioTinto	1968
4553	0.9	3	5	3	DeBeers	1977
4553	0.9	3	5	3	Alrosa	1989
4553	1.01	1	7	2	RioTinto	1978
4554	0.9	2	6	2	DeBeers	2000
4554	1	1	6	4	Alrosa	1997
4554	1.25	1	9	3	Alrosa	1972
4554	1.2	2	10	2	RioTinto	1971
4554	1.2	2	10	2	RioTinto	1979
4554	1	5	10	2	Debswana	1990
4554	1	5	10	2	Alrosa	1988
4555	1.02	2	8	3	DeBeers	2015
4555	1.02	2	8	3	DeBeers	2008
4624	1.03	1	7	2	DeBeers	1976
4624	1.04	2	9	2	Debswana	1992
4625	0.91	5	7	3	DeBeers	1976
4625	0.91	3	6	2	RioTinto	1996
4625	0.91	3	4	4	Alrosa	1969
4625	0.9	4	6	3	Debswana	2001
4625	1.01	2	8	2	Debswana	1981
4626	1	4	9	4	Debswana	2014
4627	1.01	1	5	3	DeBeers	1993
4627	1.27	1	9	3	RioTinto	2015
4627	0.9	3	6	2	RioTinto	1995
4628	0.81	3	4	2	RioTinto	2008
4628	1.11	1	8	2	Alrosa	1977
4628	1.11	1	8	3	Alrosa	1997
4628	1.01	2	9	3	DeBeers	1966
4628	1.1	1	8	3	Debswana	1983
4628	1	1	5	3	RioTinto	1998
4628	1.01	2	8	3	DeBeers	1984
4628	1.11	1	8	2	RioTinto	1969
4629	0.9	2	5	2	Debswana	1989
4629	0.75	7	5	2	Alrosa	1999
4629	1.07	1	6	2	RioTinto	1990
4629	0.74	7	6	1	Alrosa	1963
4630	0.91	2	4	3	Debswana	1963
4630	1	2	7	3	DeBeers	1978
4695	1.21	2	10	2	Debswana	2012
4696	1.06	1	5	2	DeBeers	2001
4696	1.2	3	10	3	RioTinto	2014
4697	1.06	1	7	1	RioTinto	1976
4697	1	2	7	2	DeBeers	1977
4697	1	2	7	3	RioTinto	2001
4697	1	2	7	4	RioTinto	1969
4697	1	2	7	3	Alrosa	2017
4698	1.01	2	5	3	RioTinto	2009
4698	1.07	1	7	1	RioTinto	1968
4698	1	1	5	3	DeBeers	1989
4698	1	2	8	2	Debswana	1973
4698	1	2	8	3	Debswana	1983
4700	1.38	1	10	3	RioTinto	1990
4700	1.09	1	7	2	Alrosa	1986
4700	1.01	1	8	2	Alrosa	2016
4700	1.22	1	10	3	DeBeers	1983
4701	1	2	4	4	Debswana	1976
4701	1.01	2	7	2	RioTinto	1968
4701	1.01	2	8	1	DeBeers	1969
4701	1.06	1	8	2	DeBeers	1963
4701	1.06	5	10	1	DeBeers	1997
4702	1.02	2	9	1	DeBeers	1991
4702	0.9	3	6	2	Alrosa	1971
4703	1.09	1	8	3	Debswana	1988
4786	0.8	5	4	2	RioTinto	1963
4786	1.04	1	8	2	Alrosa	1966
4786	0.85	4	5	2	RioTinto	1987
4787	1.01	2	7	3	Alrosa	1999
4787	1	1	4	3	RioTinto	2008
4788	1.1	2	8	4	RioTinto	1979
4789	1.01	1	5	3	DeBeers	1975
4789	1.01	2	8	2	Alrosa	1972
4789	0.74	7	5	2	DeBeers	1966
4789	1	4	9	1	RioTinto	1989
4790	1.01	2	8	2	Debswana	1966
4790	1.23	1	9	2	DeBeers	1989
4790	1.07	1	6	3	RioTinto	1979
4791	1.02	1	4	3	Debswana	1969
4791	1.02	2	7	4	Alrosa	1992
4791	1.06	1	4	3	Alrosa	1983
4792	1.17	1	8	1	DeBeers	1980
4792	1.1	1	8	2	Alrosa	1975
4792	1.21	4	11	3	Debswana	1988
4792	1.02	1	5	3	Alrosa	1970
4792	1.23	1	9	3	RioTinto	2017
4792	1.23	2	10	4	DeBeers	2009
4792	0.7	6	4	2	Debswana	2000
4792	1.01	2	9	2	DeBeers	1991
4792	0.9	3	6	3	Alrosa	1996
4865	1.25	1	10	3	Alrosa	1985
4865	1.04	1	5	2	Debswana	1997
4866	1.07	2	8	3	DeBeers	1999
4866	1.07	2	8	4	RioTinto	1971
4866	0.8	6	6	1	Alrosa	1993
4867	1.2	1	6	2	DeBeers	1993
4867	0.91	3	5	2	Alrosa	1981
4867	0.97	4	8	4	Debswana	1987
4867	1.11	2	8	3	RioTinto	2009
4868	1	1	4	3	Alrosa	2006
4868	1	2	7	3	Debswana	1991
4868	1.09	2	8	2	Alrosa	1997
4868	0.75	5	4	2	RioTinto	1963
4869	1.28	1	10	3	Alrosa	2016
4869	1.3	2	10	3	DeBeers	1964
4870	1.1	1	8	2	RioTinto	1997
4871	1.35	3	11	2	RioTinto	1970
4871	1.23	3	10	2	Debswana	1984
4871	1.23	2	10	2	Debswana	1971
4871	1	2	8	2	RioTinto	1988
4872	1.05	1	6	2	Debswana	1999
4872	1	2	8	2	Debswana	2010
4872	1	2	8	3	Alrosa	1997
4874	1.13	4	10	3	DeBeers	1985
4874	0.92	3	6	2	DeBeers	2004
4944	0.91	5	8	2	DeBeers	1975
4946	1.02	2	8	2	DeBeers	1990
4946	1.02	2	8	2	Alrosa	1992
4946	1.12	4	11	2	Debswana	2009
4946	1.12	2	9	2	DeBeers	1996
4946	1.1	1	6	3	DeBeers	1993
4949	1.28	3	11	2	Alrosa	2016
4950	1	2	7	2	DeBeers	1977
4950	0.9	3	4	3	DeBeers	1998
4950	1.25	3	10	3	Alrosa	1984
4950	1.25	4	11	2	RioTinto	1972
4950	1.04	4	9	2	Alrosa	1986
4950	1	2	5	2	DeBeers	2011
4950	1	2	5	3	Debswana	2006
4950	1.01	1	5	3	DeBeers	1963
4951	1.03	2	7	2	Alrosa	2017
4952	1.23	1	9	1	DeBeers	1996
4952	1.27	3	10	2	RioTinto	1963
4952	0.84	4	5	2	Alrosa	1989
4952	1.1	2	9	2	Debswana	1980
4952	1.14	2	8	4	Alrosa	2017
4953	1.06	4	9	2	RioTinto	1975
4955	1.04	2	8	3	Alrosa	2006
4955	1.12	1	8	2	RioTinto	2016
4955	0.91	3	4	3	Debswana	1986
4990	1	3	8	3	DeBeers	1992
4990	1.13	1	8	1	Alrosa	1977
4990	1.12	5	11	2	Alrosa	1993
4990	1.01	1	4	3	DeBeers	1977
4990	1.01	2	7	3	Debswana	1976
4991	1.11	1	5	3	Debswana	1989
4991	1.07	4	10	3	Debswana	1970
4991	1.51	1	11	2	RioTinto	1991
4992	1.03	4	9	2	Alrosa	1985
4994	1.08	2	9	2	DeBeers	2004
4994	1.2	1	9	2	Debswana	1974
4995	1.26	1	7	4	Debswana	2005
4996	1.06	1	8	2	RioTinto	2014
4996	0.92	7	9	2	Debswana	1988
4997	1.02	7	11	2	Alrosa	2008
4997	1.04	1	5	3	Alrosa	1993
4997	1.18	1	6	3	Alrosa	1991
4997	1	4	8	4	RioTinto	1963
4999	1.13	3	9	4	DeBeers	2002
5000	1.01	2	5	3	RioTinto	1976
5000	0.9	4	6	2	RioTinto	1988
5000	1.01	2	5	4	DeBeers	1990
5002	1.1	1	5	3	Alrosa	1996
5002	1.1	1	5	4	RioTinto	1990
5002	1.12	1	5	2	Alrosa	1981
5002	0.9	4	6	2	Alrosa	1993
5002	1	2	8	3	Debswana	1997
5002	1	2	8	2	Alrosa	2007
5002	1	2	8	2	DeBeers	1981
5003	1.2	1	7	4	Alrosa	1964
5003	1.2	2	8	2	Alrosa	2017
5003	1.07	2	8	3	RioTinto	1987
5004	1.27	3	10	2	DeBeers	1989
5004	1.2	1	8	3	DeBeers	1963
5004	1.22	1	7	2	Alrosa	1981
5005	0.97	2	4	3	RioTinto	1999
5005	1	2	6	3	Alrosa	1984
5005	1	2	6	3	Alrosa	1967
5005	1	2	6	4	Alrosa	1980
5005	1	2	6	3	Alrosa	2003
5005	1	2	6	3	Alrosa	2008
5006	1.23	1	8	3	RioTinto	1975
5006	1.08	1	5	3	Alrosa	1976
5007	1.01	2	8	2	Debswana	1975
5007	1.09	2	8	2	DeBeers	2004
5008	1.08	1	7	2	Alrosa	1966
5008	1.12	3	9	2	RioTinto	1974
5080	1.03	4	9	2	DeBeers	2014
5081	1.03	1	6	3	Alrosa	1998
5082	1.03	1	5	2	Debswana	1999
5082	1.25	3	10	3	DeBeers	1973
5082	1.12	3	9	3	DeBeers	1995
5082	1.05	3	9	1	RioTinto	1991
5083	1.01	2	7	3	RioTinto	1987
5083	1.01	1	4	3	RioTinto	1989
5083	1.01	2	7	3	Debswana	2010
5083	1.01	2	7	4	RioTinto	1978
5083	1.01	2	7	2	DeBeers	1979
5083	1.01	1	4	3	Alrosa	2003
5083	1.01	1	4	3	Debswana	1992
5083	1.21	1	6	4	DeBeers	1985
5084	1.21	1	8	2	RioTinto	2010
5085	1.08	3	9	1	Debswana	1990
5085	0.81	4	4	2	DeBeers	1985
5086	1.02	1	7	2	DeBeers	1969
5086	1	2	5	2	RioTinto	2009
5086	1	2	5	3	Alrosa	1974
5087	1.21	1	9	1	RioTinto	2005
5089	1.01	2	5	3	Alrosa	1995
5089	1.01	2	6	3	Alrosa	2007
5089	0.93	2	5	2	DeBeers	1978
5090	1.01	2	5	3	RioTinto	1983
5183	1.18	4	10	2	Alrosa	2000
5183	1.03	2	7	3	Debswana	1989
5183	1.03	2	7	2	Alrosa	1980
5183	1.03	2	7	3	RioTinto	1964
5184	1.06	1	4	4	Alrosa	1988
5184	0.87	4	5	1	DeBeers	1984
5184	1.14	1	7	1	DeBeers	1998
5184	1.37	1	10	3	Alrosa	2005
5184	1.05	2	8	2	Alrosa	2000
5185	1.58	2	11	2	RioTinto	1994
5185	1.22	1	9	2	RioTinto	1966
5186	1.04	2	7	2	RioTinto	2015
5187	1.16	3	9	2	Alrosa	1985
5188	1.31	3	10	4	RioTinto	1969
5188	1.1	5	11	2	DeBeers	1978
5189	1.23	1	9	3	Alrosa	1973
5189	1.26	3	10	2	RioTinto	1984
5189	1.02	1	6	2	DeBeers	1988
5189	1.15	1	8	3	DeBeers	1963
5189	1.15	2	9	2	DeBeers	1999
5190	0.9	3	4	2	Alrosa	1998
5190	1.14	1	4	3	Alrosa	1987
5191	1.21	1	8	1	DeBeers	1998
5191	0.9	4	6	3	Alrosa	1996
5192	1.4	1	10	2	Alrosa	1993
5292	0.97	2	4	2	Alrosa	1978
5293	1.28	2	8	1	Debswana	1965
5294	0.81	5	4	2	RioTinto	2008
5294	1.01	2	6	3	DeBeers	1984
5294	1.01	1	5	3	DeBeers	2007
5294	1.01	2	8	2	DeBeers	2013
5295	1.26	3	10	2	Debswana	1997
5295	1.16	1	7	2	Debswana	2004
5296	1.31	1	9	3	RioTinto	1993
5296	1.12	2	7	3	Alrosa	1997
5296	0.9	5	8	2	Debswana	1978
5297	1	2	6	2	Debswana	2001
5298	1.2	2	9	2	DeBeers	2010
5299	1.21	1	9	2	DeBeers	2004
5300	1.53	2	11	3	RioTinto	2003
5300	1.2	1	6	3	DeBeers	1969
5300	1.04	3	8	3	DeBeers	1995
5300	1.04	2	6	3	RioTinto	1982
5301	1.5	3	11	2	RioTinto	2016
5301	1.02	3	8	2	Debswana	1999
5301	1.02	3	8	3	DeBeers	1963
5302	1.03	2	6	2	DeBeers	1987
5303	1.16	1	7	3	Alrosa	2011
5304	1.01	3	7	4	Debswana	1973
5304	1.32	1	9	2	Alrosa	1972
5405	1.04	3	8	2	Debswana	2017
5406	1.18	3	10	2	RioTinto	2010
5407	1.28	3	10	2	Alrosa	2006
5407	1.13	2	8	3	DeBeers	1979
5407	1.13	2	8	2	Alrosa	2009
5408	1.11	2	8	3	Debswana	1993
5411	1.12	2	7	2	DeBeers	1974
5412	1.28	5	11	2	DeBeers	2013
5412	1.28	1	9	2	RioTinto	1998
5413	1.01	1	5	2	RioTinto	2017
5414	1.25	1	7	2	DeBeers	1988
5414	1.22	1	8	2	RioTinto	1974
5416	1.39	2	10	2	Alrosa	2007
5416	1.01	2	6	2	RioTinto	1985
5416	1.01	2	6	3	RioTinto	1997
5416	1.01	2	6	3	Alrosa	1977
5416	1.01	2	5	2	RioTinto	2008
5416	1.01	1	6	2	Debswana	2004
5416	1.01	3	9	3	Alrosa	2004
5416	1.01	3	8	1	DeBeers	1987
5417	1.3	1	10	2	DeBeers	1978
5417	1.02	2	5	3	DeBeers	2009
5417	1.5	2	11	3	Alrosa	1980
5418	0.8	7	6	2	Debswana	2013
5418	1.29	1	9	2	Alrosa	2004
5535	1	2	5	3	Debswana	1985
5536	1.41	1	10	3	Alrosa	1994
5536	1.1	2	7	3	DeBeers	2001
5541	1.22	1	7	3	RioTinto	1994
5541	1.3	1	9	2	Debswana	1987
5542	1.6	2	11	3	Alrosa	2008
5543	1.02	2	6	3	Alrosa	1966
5543	1.01	2	5	2	Alrosa	2008
5543	1.01	4	8	2	Alrosa	2015
5543	1.01	3	7	2	Alrosa	2003
5544	1.26	2	11	3	Debswana	1986
5544	1.12	7	10	3	DeBeers	1999
5544	1	4	8	3	Debswana	2013
5544	1.4	2	11	3	Alrosa	1984
5544	1.4	4	11	4	Alrosa	2014
5544	1	4	8	3	Alrosa	1990
5545	1.52	1	9	4	Debswana	2002
5546	1.37	1	9	3	DeBeers	2016
5547	1.16	7	11	4	Debswana	1979
5547	1.23	3	11	3	RioTinto	1995
5547	1.15	4	9	2	RioTinto	1968
5548	1.17	1	5	3	DeBeers	1998
5548	1.06	2	7	2	DeBeers	1964
5548	1.22	1	7	3	Debswana	1981
5548	1.2	3	10	2	Alrosa	1968
5661	0.9	6	7	2	DeBeers	1964
5661	0.9	4	5	2	Alrosa	1966
5661	0.9	4	5	3	RioTinto	1965
5662	1.08	2	7	2	RioTinto	1975
5662	1.12	2	7	2	RioTinto	1972
5663	1.2	3	9	2	DeBeers	1979
5663	1.17	2	8	2	RioTinto	2012
5663	1.25	5	11	3	DeBeers	1980
5665	1.16	2	7	4	Alrosa	1991
5666	1.01	1	8	2	DeBeers	1997
5666	1.01	2	5	3	Alrosa	1969
5666	1.27	2	9	2	RioTinto	1964
5666	1.24	1	8	3	Debswana	2014
5667	1.15	3	9	2	DeBeers	1987
5667	1.21	1	8	2	Debswana	1973
5668	1.28	2	10	2	RioTinto	1969
5669	1.33	3	10	2	Alrosa	2001
5669	1.01	2	4	3	DeBeers	1963
5669	1.13	7	10	1	Alrosa	1967
5670	1.1	4	9	2	RioTinto	1987
5671	1.02	1	4	2	Alrosa	1984
5671	0.81	5	4	1	Alrosa	2003
5672	1.01	2	6	3	Alrosa	2000
5673	1.1	2	8	2	RioTinto	1977
5673	1.5	1	10	3	Debswana	1991
5801	1.01	1	4	2	DeBeers	1983
5801	1.08	5	10	2	RioTinto	2010
5802	1.16	1	6	2	DeBeers	2017
5802	1.34	3	10	3	DeBeers	1985
5803	1.06	3	8	2	Debswana	1972
5803	1.11	3	9	2	DeBeers	1966
5804	1.44	1	10	3	Debswana	2008
5806	1.35	1	9	2	Debswana	1983
5806	1.5	3	11	3	Debswana	1975
5807	1.01	4	8	2	RioTinto	2011
5807	1.2	1	7	3	DeBeers	1972
5807	1.2	1	7	2	RioTinto	1967
5809	1.2	2	8	2	Alrosa	1966
5809	1.63	1	11	2	RioTinto	2006
5810	1.1	2	7	2	Alrosa	1982
5810	1.25	2	9	3	DeBeers	1991
5810	1.01	4	9	2	Debswana	1974
5811	1.03	2	7	2	DeBeers	1984
5812	1.28	3	10	2	Alrosa	2003
5815	1	2	5	2	Alrosa	1983
5815	1.24	1	7	2	Alrosa	2016
5815	1.33	4	10	3	DeBeers	1970
5816	1.34	1	9	3	DeBeers	1983
5816	1.22	1	8	1	RioTinto	2014
5817	1.13	2	8	2	RioTinto	1969
5935	1.38	2	10	2	DeBeers	1966
5936	1.23	4	10	2	RioTinto	1984
5938	0.76	6	4	1	Alrosa	1992
5938	0.84	5	4	2	DeBeers	1975
5938	1.07	5	10	1	RioTinto	1969
5939	1.01	3	7	3	Debswana	2000
5940	1.24	5	10	3	DeBeers	2005
5941	1.06	2	5	3	RioTinto	2016
5941	1	3	8	2	DeBeers	2009
5943	1.35	1	9	3	Debswana	2001
5944	0.81	5	4	2	Alrosa	1994
5945	1.13	2	7	3	RioTinto	2009
5945	1.23	1	7	4	Alrosa	1978
5946	1.55	2	11	3	DeBeers	1967
5946	0.9	5	6	2	Alrosa	2011
5946	1.08	2	6	3	RioTinto	1970
5946	1.32	2	9	2	Debswana	2010
5947	1.06	1	8	2	DeBeers	1963
5947	1.17	2	6	3	DeBeers	1997
5948	0.99	2	4	2	Alrosa	2012
5949	1.04	2	6	2	Alrosa	1991
5949	1.03	2	5	3	DeBeers	1967
5950	1.26	4	10	3	Debswana	2011
5950	1.25	4	10	2	Debswana	1989
5951	1.2	2	8	2	RioTinto	1983
5982	1.25	3	9	2	Debswana	1996
5983	1.11	4	8	2	Alrosa	1967
5983	1.05	4	8	2	DeBeers	2008
5983	1.04	2	5	1	Alrosa	1998
5985	1	3	8	2	Alrosa	1966
5986	1.01	3	8	2	DeBeers	1975
5987	1.23	4	9	3	Alrosa	2003
5987	1.23	6	11	2	RioTinto	1978
5987	1.43	2	10	2	RioTinto	1996
5988	1.2	3	8	4	Alrosa	1976
5988	1.27	5	11	3	DeBeers	1984
5988	1.01	4	8	3	Debswana	1978
5988	1.01	4	8	2	Debswana	1990
5989	1.01	2	5	2	Debswana	2012
5989	1.01	2	5	2	DeBeers	1974
5989	1.01	2	5	2	DeBeers	2012
5989	1.01	2	5	2	DeBeers	1995
5991	1.01	2	4	3	DeBeers	1971
5994	1.3	7	10	4	Alrosa	1988
5994	1.13	5	10	2	RioTinto	1995
5994	1.01	6	8	3	DeBeers	1985
5994	1.07	2	7	2	Alrosa	2016
5995	1.02	4	7	4	Alrosa	1966
5997	1.33	2	10	2	DeBeers	2016
5997	1.2	4	9	3	Debswana	1974
6002	1.01	3	7	2	Alrosa	1979
6003	1.01	2	5	3	Alrosa	1997
6003	0.85	5	4	2	RioTinto	1965
6003	1.3	2	9	3	Debswana	1992
6004	0.82	5	4	2	RioTinto	1970
6005	1.47	1	9	4	RioTinto	1987
6005	0.8	6	4	2	Alrosa	1983
6006	1.2	4	9	2	DeBeers	1978
6006	1.2	2	6	4	DeBeers	2006
6006	1.2	2	8	3	RioTinto	1980
6006	1.4	2	9	3	RioTinto	2015
6006	1	4	8	2	DeBeers	1999
6007	1.22	2	8	2	Debswana	2014
6007	1.23	3	9	2	Debswana	1963
6009	1.52	1	10	2	DeBeers	2013
6010	1.01	4	8	2	DeBeers	1979
6012	1.12	2	7	1	DeBeers	1985
6012	1	2	6	3	Debswana	2006
6013	1.04	3	7	3	Alrosa	1964
6013	1.2	1	5	3	RioTinto	1998
6014	1.02	5	9	1	RioTinto	1973
6015	1.01	6	9	3	RioTinto	1982
6016	1.21	2	8	2	Debswana	1969
6017	1.2	1	7	2	Alrosa	1977
6017	1.26	2	9	2	Alrosa	1973
6152	1.04	2	8	3	Alrosa	1995
6153	0.85	7	6	2	Debswana	2012
6154	1.23	1	8	1	Alrosa	1970
6154	1.26	3	9	3	Alrosa	2001
6154	1.11	4	8	2	Alrosa	1994
6154	1.51	1	9	4	Debswana	1970
6154	1.51	4	11	3	DeBeers	2004
6154	1.51	4	11	4	DeBeers	1963
6154	1.4	1	9	4	DeBeers	2016
6155	1.3	7	11	3	DeBeers	1976
6155	1.01	2	6	2	DeBeers	1986
6155	1.5	2	10	3	Debswana	1981
6156	1.35	5	11	2	Debswana	1967
6157	1.22	1	5	2	Alrosa	1968
6158	1.23	3	9	1	DeBeers	1975
6158	1.2	2	8	1	Debswana	1973
6158	1	2	4	2	DeBeers	2011
6160	1	3	6	3	Debswana	1989
6160	1	2	6	3	DeBeers	1977
6161	1.01	2	5	1	RioTinto	1993
6163	1.3	1	8	3	Alrosa	1985
6164	1.34	6	11	4	DeBeers	2003
6165	1.03	3	8	2	Alrosa	1999
6165	1.01	3	7	3	Alrosa	1994
6165	1.17	1	5	3	DeBeers	1995
6322	1.42	2	10	3	RioTinto	1993
6322	1.24	2	8	2	Alrosa	1998
6322	1.1	2	7	2	RioTinto	1983
6322	1.21	1	5	3	Alrosa	1963
6322	1.21	3	8	2	RioTinto	2009
6323	1.31	2	8	3	Alrosa	2011
6324	1.05	3	7	3	Alrosa	1998
6325	0.93	5	6	2	DeBeers	1975
6326	1.01	3	7	1	DeBeers	1995
6326	1.01	3	7	2	Alrosa	1985
6328	1.24	2	9	2	DeBeers	1978
6329	1.7	1	11	3	DeBeers	1983
6332	0.85	6	5	3	DeBeers	1991
6333	1.4	2	10	3	RioTinto	1996
6333	1.01	4	6	4	RioTinto	1983
6333	1.01	4	6	4	Alrosa	1977
6333	1.02	2	6	1	DeBeers	1980
6334	1.29	1	6	2	DeBeers	2001
6335	1	3	6	3	Alrosa	2011
6336	1	3	6	3	Debswana	2013
6337	1.04	4	8	3	Debswana	1982
6337	1.15	2	7	1	Alrosa	2001
6337	1.29	2	8	2	Debswana	1987
6338	1.2	1	4	3	Alrosa	1992
6339	1.3	3	10	2	DeBeers	1980
6507	1.28	4	10	2	Debswana	1983
6507	1.27	1	4	2	RioTinto	2014
6508	1.45	3	10	3	DeBeers	1994
6508	1.02	2	5	2	DeBeers	1986
6508	1.31	1	7	3	Alrosa	1986
6509	0.95	4	5	1	DeBeers	2002
6509	0.95	7	8	1	Alrosa	1972
6510	0.9	4	4	1	Alrosa	2014
6513	1.22	1	5	2	DeBeers	2000
6516	1.3	5	10	3	DeBeers	1982
6516	1.29	1	6	2	RioTinto	1963
6517	1.05	3	7	2	RioTinto	1997
6517	1.4	1	9	3	Debswana	1994
6517	1.4	1	9	2	DeBeers	2014
6517	1.63	3	11	2	RioTinto	2016
6518	1	5	9	3	Debswana	1988
6518	1.3	1	7	2	Alrosa	2012
6521	1	4	7	3	DeBeers	1967
6521	1	4	7	3	RioTinto	2008
6522	1.33	2	9	2	RioTinto	1981
6522	1.21	3	8	2	RioTinto	2000
6522	1.34	1	8	2	Debswana	2004
6523	1.3	1	6	3	Debswana	1975
6523	1.04	5	9	2	Debswana	2006
6524	1.2	2	8	2	Alrosa	1966
6694	1.4	2	9	3	Alrosa	1968
6695	0.9	5	5	3	Debswana	1971
6695	0.9	5	5	2	RioTinto	1977
6696	1.07	2	4	2	Alrosa	1970
6699	1.51	2	10	3	Debswana	1982
6699	1.51	1	10	3	RioTinto	2017
6699	1.51	4	11	3	Alrosa	1992
6700	1.21	3	8	3	Debswana	2007
6701	1.24	2	7	2	Alrosa	1992
6702	1.29	5	10	2	Alrosa	1999
6702	1.37	2	9	2	Alrosa	1983
6703	0.95	7	7	2	Alrosa	1967
6704	1.06	3	7	2	DeBeers	1968
6704	1.49	1	10	2	Alrosa	1990
6706	1.27	3	10	2	Debswana	1975
6706	1.23	3	8	2	DeBeers	1975
6707	0.91	6	7	1	RioTinto	1971
6708	1.52	3	10	3	DeBeers	1992
6708	1.34	3	9	2	Alrosa	1971
6708	1.21	3	8	3	RioTinto	1963
6708	1.21	3	8	2	DeBeers	2003
6710	1.22	3	9	3	DeBeers	1973
6712	1.26	1	5	2	DeBeers	2010
6712	1.56	3	11	2	RioTinto	1970
6714	1.13	2	4	2	Alrosa	1976
6873	1.2	2	8	2	DeBeers	2016
6875	1.4	1	7	3	RioTinto	2012
6875	1.4	4	10	2	DeBeers	2007
6875	1.08	3	7	2	DeBeers	2012
6876	1.21	3	8	2	Debswana	2006
6876	1.23	5	9	2	Alrosa	1987
6877	1.6	4	11	3	Debswana	2012
6877	1.4	1	8	3	RioTinto	2003
6880	1.29	4	9	2	Alrosa	1970
6881	1.38	1	7	3	DeBeers	1985
6883	1.35	2	8	2	DeBeers	2010
6884	1	3	7	3	Alrosa	1982
6884	0.9	5	5	3	RioTinto	1989
6886	1.37	5	10	1	Alrosa	1987
6886	1.51	1	9	3	DeBeers	1968
6887	1.27	2	8	2	DeBeers	1968
6888	1	4	7	4	RioTinto	2015
6888	1	4	7	3	DeBeers	1999
6891	1.11	2	5	2	RioTinto	2000
6892	1.51	2	10	3	DeBeers	1999
6893	1.22	2	7	2	Alrosa	1993
6894	1.5	4	10	2	RioTinto	1985
6894	1.32	2	6	2	DeBeers	2011
6897	1.26	6	9	3	RioTinto	1969
6897	1.32	2	8	3	RioTinto	2013
6969	1.2	1	4	2	DeBeers	1966
6969	1.01	3	6	3	RioTinto	2012
6972	1.22	2	6	2	DeBeers	1990
6976	1.3	4	9	2	RioTinto	1975
6976	1.11	5	9	2	DeBeers	1972
6976	1.51	1	9	3	Debswana	2001
6976	1.51	1	9	2	Alrosa	1971
6977	1.1	5	9	2	DeBeers	2016
6978	1.11	3	8	3	DeBeers	2000
6978	1.22	3	9	2	DeBeers	1990
6978	1.04	2	7	2	Alrosa	2008
6983	1.02	4	8	2	DeBeers	1966
6986	1.3	1	5	3	DeBeers	2016
6986	1.16	3	7	2	DeBeers	1966
6987	1.34	2	7	3	DeBeers	1989
6988	1.21	4	8	3	Alrosa	2015
6988	1.11	2	4	3	Debswana	1963
6988	1.01	3	5	3	RioTinto	2011
6988	1.01	3	5	3	Alrosa	2002
6990	1.15	2	5	2	DeBeers	1993
6990	1.5	2	10	3	Alrosa	1964
6990	1	3	6	2	Debswana	2017
6990	1.55	1	10	2	RioTinto	1997
6992	1.01	3	5	3	DeBeers	1994
6992	1.41	1	5	4	RioTinto	2003
6993	0.96	6	7	2	DeBeers	1986
6993	0.91	6	6	2	Debswana	1971
6994	1.36	1	6	3	RioTinto	1983
6994	1.29	2	8	3	Alrosa	1994
6994	1.21	2	7	1	DeBeers	1967
6995	1.02	3	6	2	Alrosa	2009
6995	1.58	3	10	2	RioTinto	2002
6996	1.01	3	6	3	DeBeers	1983
6996	1.54	3	10	2	RioTinto	1991
6998	1.07	3	6	2	RioTinto	1965
6999	1.16	6	10	2	DeBeers	1982
7000	1	4	8	3	Debswana	1994
7001	1.3	1	4	3	RioTinto	1982
7002	1.2	4	9	2	Alrosa	1976
7002	1.24	2	8	1	DeBeers	1994
7004	1.01	3	7	3	RioTinto	1980
7005	0.9	6	6	3	RioTinto	1971
7006	1.25	3	8	3	RioTinto	2004
7007	1.36	2	6	3	Debswana	2003
7007	1.07	3	7	2	DeBeers	1991
7007	1.07	3	7	2	Alrosa	1997
7007	1.13	5	9	2	Alrosa	2014
7009	1.3	6	10	2	DeBeers	1964
7010	1.18	2	6	2	DeBeers	1988
7010	1.14	3	6	3	RioTinto	2016
7010	1.01	3	7	2	Alrosa	2010
7010	1.01	3	6	3	DeBeers	1997
7011	1.36	1	6	2	Debswana	1971
7012	1	3	5	3	Alrosa	2014
7012	1	3	5	4	DeBeers	2016
7014	1.5	2	10	3	Alrosa	1992
7015	1.01	4	7	2	RioTinto	1978
7015	1.01	4	7	2	Debswana	2014
7015	1	2	4	2	Alrosa	1974
7015	1	3	7	2	RioTinto	2005
7015	1.23	2	7	2	Debswana	1989
7018	1.51	4	10	3	Alrosa	1976
7166	1.01	3	5	2	DeBeers	1988
7166	1.45	2	9	3	DeBeers	1982
7167	1.19	3	7	2	DeBeers	1966
7167	1.04	7	9	1	RioTinto	1998
7170	1.52	1	7	3	Alrosa	1965
7171	1.59	1	10	2	RioTinto	1983
7172	1.2	2	5	3	Alrosa	2014
7172	1.42	4	10	2	DeBeers	2012
7172	1.51	3	10	2	Debswana	1983
7172	1.16	3	7	2	RioTinto	1968
7174	1.4	1	6	3	Alrosa	1976
7174	1.33	2	8	2	DeBeers	2012
7174	1.17	3	7	2	Debswana	1979
7175	1.25	5	9	2	DeBeers	2015
7177	1.32	2	8	2	Alrosa	1973
7177	1.32	2	8	3	DeBeers	2005
7177	1.27	4	9	3	DeBeers	2009
7177	1.01	4	8	1	DeBeers	1980
7178	1.5	5	11	4	Debswana	1990
7178	1.58	3	10	3	Alrosa	2011
7178	1.09	4	7	3	DeBeers	2000
7181	1.21	2	6	2	Alrosa	2013
7182	1.5	2	10	2	Debswana	1987
7182	1.5	1	9	3	Debswana	1980
7182	1.25	5	9	2	DeBeers	1964
7377	1.22	2	5	2	RioTinto	1978
7377	1.01	3	6	2	Debswana	1969
7377	1.02	3	7	3	Debswana	2011
7378	1.31	6	10	2	Debswana	1969
7381	1.25	2	7	3	Alrosa	1981
7381	1.25	6	10	1	Alrosa	1981
7385	1.51	2	10	2	DeBeers	1989
7386	1.21	3	7	2	Alrosa	1972
7386	1.28	2	7	2	DeBeers	2001
7388	1.46	3	10	4	DeBeers	1974
7388	1.01	5	7	3	Debswana	1995
7388	1.01	5	7	3	Alrosa	1993
7388	1.01	4	6	3	DeBeers	1971
7388	1.01	4	6	4	DeBeers	2016
7388	1.01	5	7	3	DeBeers	1975
7388	1.01	4	6	4	Alrosa	1968
7388	0.95	4	5	2	Alrosa	1976
7389	1.3	2	8	3	DeBeers	2008
7390	1.77	1	10	3	RioTinto	1982
7390	1.13	3	6	3	DeBeers	2014
7390	1.13	3	6	2	Debswana	1990
7390	1.13	3	6	3	DeBeers	1969
7391	1.18	3	7	2	Debswana	2017
7392	1.05	3	6	2	Debswana	1993
7392	1	4	6	3	DeBeers	1967
7609	1.02	4	7	2	Debswana	2013
7613	0.9	5	4	3	Alrosa	2003
7613	1.71	1	10	3	DeBeers	2015
7614	1.52	1	9	1	DeBeers	2001
7615	1.01	5	8	2	Debswana	2017
7620	1.79	1	11	2	DeBeers	1963
7620	1.55	1	9	3	Debswana	1974
7623	1.32	4	8	2	RioTinto	2006
7623	1.55	1	8	2	RioTinto	1989
7623	1.01	3	5	2	Debswana	1971
7626	1.78	3	11	3	DeBeers	1982
7627	1	3	5	3	Alrosa	1971
7627	1.2	3	7	3	Alrosa	1983
7628	1.58	2	10	2	DeBeers	2003
7629	1	6	7	4	DeBeers	1986
7630	1.2	2	5	2	Alrosa	1999
7630	1.02	3	6	1	DeBeers	2007
7630	1.01	4	7	2	DeBeers	1996
7631	0.9	6	6	2	Debswana	1980
7632	1.18	3	7	2	Debswana	1968
7633	1.35	2	8	2	RioTinto	2003
7634	1.2	6	9	2	Debswana	2008
7635	1.04	5	7	3	DeBeers	1973
7636	0.95	7	7	2	Debswana	1990
7636	1.35	2	8	3	RioTinto	2009
7856	1.2	3	7	3	Alrosa	1966
7857	0.96	7	7	2	DeBeers	2004
7858	1.2	3	7	3	Alrosa	1971
7858	1.29	6	9	1	RioTinto	2011
7860	1.36	2	8	2	Alrosa	2007
7863	1.65	2	10	2	DeBeers	2012
7863	1.28	4	8	2	Debswana	1986
7865	1.01	5	7	4	Debswana	1979
7865	1.14	3	7	2	Alrosa	1992
7866	1.5	2	10	3	RioTinto	1981
7866	1	4	6	2	DeBeers	1984
7866	1.5	2	10	3	RioTinto	1974
7870	1.82	2	11	2	DeBeers	2007
7870	1.06	3	4	3	DeBeers	2013
7873	1.01	4	7	2	Alrosa	1987
7874	1	5	7	3	Debswana	2011
7875	1.51	3	10	2	Alrosa	1975
7876	1.32	3	8	2	Debswana	1982
7876	1.59	1	9	2	RioTinto	1992
7880	1.5	1	8	3	DeBeers	1978
7880	1.53	1	7	3	DeBeers	1989
7880	1.1	4	7	2	Debswana	1976
7881	1.23	3	7	2	Alrosa	1979
7973	1.01	5	8	2	Alrosa	1963
7973	1.51	1	8	3	Debswana	1984
7975	1.07	3	6	2	Alrosa	2012
7976	1.25	2	7	2	Alrosa	1981
7976	1.26	4	8	3	DeBeers	1977
7977	1.4	6	10	3	RioTinto	1980
7977	1.23	4	8	2	Debswana	1976
7977	1	6	7	2	Alrosa	1977
7977	1.09	7	9	2	RioTinto	2015
7977	1.09	7	9	2	Alrosa	1985
7979	1.01	4	4	3	Alrosa	1991
7980	1	4	6	3	Debswana	1971
7982	1.01	3	6	2	DeBeers	2014
7982	1.41	2	8	2	DeBeers	1974
7984	1.29	2	5	2	RioTinto	1982
7989	1.43	2	8	3	Debswana	1988
7989	1.2	3	7	2	RioTinto	1990
7989	1.51	4	10	3	RioTinto	1980
7994	1.3	2	6	2	DeBeers	1965
7994	1.38	4	9	2	RioTinto	1989
7994	1.14	3	5	3	DeBeers	1983
7994	1.02	4	6	2	DeBeers	1981
7995	1.62	4	11	2	DeBeers	2014
7995	1.41	2	8	3	Alrosa	1981
7996	1.12	4	8	2	RioTinto	1987
8001	1.51	2	9	3	DeBeers	1987
8002	1.5	4	10	2	DeBeers	1968
8003	1.2	5	8	2	RioTinto	1990
8003	1.16	3	7	2	DeBeers	1971
8004	1.07	3	5	2	Alrosa	1997
8004	1.02	7	8	2	DeBeers	1963
8005	1.53	1	8	2	DeBeers	1978
8006	1.17	4	8	2	Alrosa	1970
8008	1.04	4	4	4	DeBeers	1986
8010	1.2	4	8	2	DeBeers	1968
8011	1.53	1	8	3	Alrosa	2017
8011	1.53	1	8	2	DeBeers	1965
8012	1.25	4	8	2	Debswana	1998
8013	1.52	2	9	3	Debswana	1993
8013	1.51	2	9	3	RioTinto	1990
8013	1.51	1	7	2	Alrosa	1985
8013	1.33	4	9	2	DeBeers	1973
8014	1.2	3	7	3	Alrosa	1985
8015	1.09	4	7	2	DeBeers	2011
8015	0.92	6	5	1	DeBeers	1979
8015	0.92	6	5	2	RioTinto	1987
8016	1.09	3	6	2	Alrosa	1964
8016	1.51	1	9	2	DeBeers	1992
8017	1.28	5	8	2	RioTinto	2005
8018	1.26	2	6	2	Alrosa	1985
8199	1.66	1	9	1	RioTinto	1993
8199	1.01	3	4	2	RioTinto	1986
8199	1.01	3	4	2	RioTinto	1993
8199	1.31	7	9	2	Debswana	1973
8200	1.36	3	8	3	Alrosa	1982
8204	1.01	4	6	3	RioTinto	2007
8205	1.17	3	5	2	DeBeers	1980
8205	1.11	3	6	1	DeBeers	1967
8208	1.5	1	8	2	RioTinto	1970
8208	1	3	4	2	Alrosa	1994
8208	1.4	2	8	3	Debswana	1971
8210	1.3	5	9	2	Debswana	1980
8212	1.2	3	7	2	Alrosa	1981
8219	1.6	4	10	2	RioTinto	1998
8223	1.55	2	9	3	DeBeers	1993
8225	1	4	6	3	DeBeers	1999
8225	1.04	4	6	3	Alrosa	1998
8226	1.1	3	6	4	Alrosa	2017
8229	1.12	4	7	1	RioTinto	1995
8229	1.22	3	7	2	Debswana	2014
8229	1.22	3	7	2	Alrosa	2011
8229	1.03	3	6	2	Debswana	1968
8230	1.52	1	8	2	DeBeers	2013
8231	1.3	2	6	3	DeBeers	1984
8232	1.51	1	8	2	DeBeers	1976
8459	1.12	5	8	2	Alrosa	1989
8459	1.3	4	8	1	Debswana	1971
8464	1.51	3	10	2	Alrosa	2010
8464	1.01	3	5	2	DeBeers	1964
8464	1.27	2	4	2	Debswana	2008
8464	1.08	4	6	2	RioTinto	2002
8465	1.02	4	6	3	RioTinto	2003
8466	1.18	5	8	2	RioTinto	1979
8467	1.06	4	7	2	Alrosa	1995
8467	1	4	5	3	DeBeers	1969
8467	1.29	3	8	2	Alrosa	1988
8468	1.33	5	9	1	Alrosa	1976
8469	1.02	4	7	2	Alrosa	2011
8469	1.23	3	7	2	RioTinto	1977
8469	1.02	3	5	2	Alrosa	1978
8469	1.02	3	5	2	DeBeers	1966
8469	1.18	7	8	1	Alrosa	2014
8470	1.5	6	10	3	Alrosa	2003
8471	1.01	4	6	3	Debswana	2005
8473	1.58	4	10	3	Debswana	1994
8476	1.01	4	5	3	Alrosa	1976
8476	1.01	4	5	4	DeBeers	2009
8477	1.45	2	8	2	Alrosa	1963
8478	1.51	1	6	3	DeBeers	2002
8478	1.54	4	10	2	Alrosa	2009
8709	1.5	3	9	4	DeBeers	1966
8710	1.51	1	7	2	Debswana	1985
8711	1.01	4	5	3	DeBeers	1981
8712	1.51	2	9	3	Alrosa	1995
8712	1	3	4	1	Alrosa	2011
8713	1.23	3	7	1	Alrosa	1971
8714	1.4	5	9	2	DeBeers	2009
8714	0.97	7	7	2	DeBeers	1967
8716	1.55	2	9	3	Alrosa	2003
8717	1.13	5	8	2	Alrosa	1984
8718	1.2	4	7	2	Debswana	2004
8720	1.02	5	6	3	Debswana	1985
8723	1.18	3	6	2	Alrosa	1982
8723	2	1	11	4	DeBeers	1981
8723	1.3	4	8	1	RioTinto	1983
8723	1.5	1	7	2	DeBeers	1965
8724	1.25	4	7	2	Debswana	1969
8725	1.51	2	9	2	DeBeers	1998
8729	1.07	3	5	2	RioTinto	1990
8730	1.55	1	8	2	DeBeers	1984
8730	1.09	3	4	2	Alrosa	2017
8731	1.01	3	4	2	DeBeers	2008
8731	1.11	5	7	1	RioTinto	2003
8736	1.6	4	10	3	DeBeers	2017
8736	1.5	3	9	3	DeBeers	1986
8959	1.01	7	6	3	Alrosa	1988
8961	1.24	3	7	2	Debswana	2015
8962	1.52	2	9	4	DeBeers	1996
8962	1.04	4	6	2	DeBeers	1986
8964	1.22	4	7	3	DeBeers	1974
8965	1.01	5	7	1	Debswana	1977
8965	1.29	3	7	2	Alrosa	2015
8969	1.51	1	6	2	DeBeers	1966
8969	1.51	5	10	4	DeBeers	1984
8969	1.51	3	9	3	DeBeers	1985
8969	1.51	1	6	3	DeBeers	1968
8970	1.04	4	5	3	Alrosa	2015
8970	1.53	2	9	1	RioTinto	1978
8975	1.31	6	9	2	Alrosa	2011
8976	1.2	3	6	1	Debswana	1965
8976	1.02	3	6	2	Alrosa	1992
8978	1.1	6	8	2	DeBeers	1981
8979	1.58	1	8	2	Alrosa	2001
8982	1.01	4	6	3	Alrosa	1983
8982	1.01	4	5	3	RioTinto	2008
8982	1.01	4	5	3	Debswana	1993
8983	1.5	1	7	2	RioTinto	1986
8983	1.76	5	11	3	RioTinto	1998
8984	1.2	4	7	2	Debswana	1988
8984	1.16	4	7	2	DeBeers	2004
9207	1.55	5	10	3	RioTinto	1972
9207	1.26	2	4	1	Debswana	1992
9207	1.2	3	5	3	DeBeers	2017
9209	1.51	1	5	4	DeBeers	2009
9215	1.21	3	5	1	DeBeers	1996
9216	1	4	5	2	DeBeers	2007
9217	2.02	1	11	3	DeBeers	1988
9217	1.5	1	5	3	Debswana	2008
9218	1.63	5	11	2	RioTinto	1964
9219	1.51	1	7	2	Alrosa	1971
9223	1.21	4	7	2	RioTinto	2006
9224	1.52	3	9	1	Alrosa	1992
9225	1.7	1	9	3	Alrosa	1971
9226	1.1	4	6	2	RioTinto	2000
9227	1.51	1	7	2	RioTinto	1983
9227	1.51	2	9	2	Debswana	1972
9227	1.03	5	7	2	DeBeers	1996
9228	1.19	5	7	3	DeBeers	1983
9229	1.58	2	8	2	Debswana	1965
9230	1.73	1	9	3	Alrosa	1999
9231	1.5	3	9	2	DeBeers	1990
9232	1.52	3	9	2	DeBeers	1979
9235	1.06	3	4	2	Alrosa	1968
9235	1.56	1	8	2	Alrosa	2014
9239	1.54	6	10	2	Alrosa	2000
9462	1.2	3	6	2	DeBeers	1986
9464	1.34	2	4	3	RioTinto	2007
9464	1.46	6	9	2	RioTinto	1990
9465	1.32	6	9	2	Debswana	1975
9466	1.04	5	7	1	DeBeers	1967
9467	1.57	1	7	2	DeBeers	1968
9468	1.51	2	10	3	RioTinto	1984
9468	1.51	2	8	2	Alrosa	1998
9468	1.51	2	8	2	DeBeers	1982
9468	1.17	5	8	2	Alrosa	1964
9469	1.7	2	9	3	DeBeers	1976
9470	1.15	6	8	1	Alrosa	1991
9471	1.5	2	7	2	RioTinto	1995
9472	1.26	3	6	2	DeBeers	2017
9472	1.56	2	7	2	Alrosa	1982
9474	1.5	2	5	4	Alrosa	1987
9475	1	4	4	3	RioTinto	1996
9476	1.64	2	9	1	Alrosa	1999
9480	1.24	4	7	3	Alrosa	1990
9482	1.03	4	6	2	Alrosa	1997
9482	1.62	2	9	2	RioTinto	2015
9483	1.21	5	7	3	DeBeers	2017
9484	0.83	7	4	1	DeBeers	1964
9486	1.6	3	9	2	RioTinto	1979
9488	1	4	4	2	DeBeers	2012
9717	1.51	1	6	1	RioTinto	1978
9717	1.51	1	6	2	DeBeers	2015
9718	1.5	2	7	3	Debswana	1980
9720	1.51	1	5	3	DeBeers	1972
9721	0.95	6	6	1	DeBeers	2005
9721	1	5	6	2	Alrosa	2005
9722	1.3	3	7	1	Alrosa	1970
9724	1.06	5	6	2	RioTinto	2010
9725	1.62	2	9	2	DeBeers	1972
9725	1.62	1	7	3	Debswana	1987
9726	1.53	2	7	2	Alrosa	1984
9726	1.48	2	8	3	RioTinto	1986
9726	1.03	5	6	1	DeBeers	1963
9726	1.5	3	8	2	DeBeers	1982
9727	1.5	2	7	2	DeBeers	1967
9728	1	4	5	3	DeBeers	2002
9728	1.5	2	7	3	Alrosa	1977
9730	1.56	1	4	3	DeBeers	2013
9730	1.02	4	5	3	DeBeers	1965
9732	1.43	5	9	2	DeBeers	1972
9732	1.1	3	4	2	DeBeers	1969
9734	1.1	5	7	2	DeBeers	1977
9736	1.32	3	7	2	Alrosa	1987
9737	1.27	4	7	1	Debswana	1978
9737	1.15	4	5	3	RioTinto	1986
9969	1.06	6	7	1	Alrosa	1983
9973	1.51	2	8	2	Alrosa	1970
9973	1.57	3	9	2	Debswana	2004
9974	1.14	5	7	2	DeBeers	1967
9975	1.24	4	7	1	Alrosa	1981
9975	1.55	1	6	2	Alrosa	1988
9976	1.09	5	5	3	Alrosa	1966
9978	1.01	7	7	2	Debswana	1980
9981	1.41	2	6	2	DeBeers	1971
9982	1.22	3	5	2	DeBeers	1981
9983	1.32	3	7	2	RioTinto	1996
9983	1.59	1	6	2	RioTinto	1998
9984	1.05	5	6	3	DeBeers	2013
9984	2.02	1	10	3	RioTinto	1987
9984	1.01	4	4	3	DeBeers	2008
9985	0.94	6	4	2	DeBeers	2011
9988	1.35	5	8	2	Alrosa	2003
9993	1.3	4	7	1	DeBeers	1989
9993	1.3	4	7	1	RioTinto	1964
9993	1.3	4	7	2	DeBeers	1986
9994	1.51	2	6	3	DeBeers	1993
9996	1.51	1	4	3	DeBeers	2009
9996	1.73	2	9	2	Alrosa	2007
9998	1.7	2	9	3	RioTinto	1973
9999	1.55	3	9	1	Alrosa	1999
10000	1.54	4	9	2	RioTinto	2015
